Constraints: <210.0 >3.0 
5247.06 5054.65 192.41 3.55 
5247.06 5067.15 179.91 4.13 
5247.06 5072.68 174.38 4.13 
5247.06 5074.76 172.3 4.13 
5247.06 5088.15 158.91 4.06 
5247.06 5090.78 156.28 4.17 
5247.06 5109.65 137.41 4.21 
5247.06 5129.63 117.43 3.85 
5247.06 5159.06 88.0 4.19 
5247.06 5180.06 67.0 4.38 
5247.06 5187.91 59.15 4.05 
5247.06 5195.48 51.58 4.13 
5247.06 5196.06 51.0 4.17 
5247.06 5197.94 49.12 4.21 
5247.06 5217.4 29.66 3.12 
5247.06 5223.19 23.87 3.54 
5247.06 5228.38 18.68 4.13 
5247.06 5229.86 17.2 3.19 
5247.06 5242.5 4.56 3.54 
5247.06 5243.78 3.28 4.17 
5247.06 5253.47 6.41 3.19 
5247.06 5263.31 16.25 3.18 
5247.06 5288.53 41.47 3.6 
5247.06 5293.96 46.9 4.05 
5247.06 5294.55 47.49 3.55 
5247.06 5295.32 48.26 4.33 
5247.06 5361.62 114.56 4.33 
5247.06 5373.71 126.65 4.38 
5247.06 5376.83 129.77 4.2 
5247.06 5379.58 132.52 3.6 
5247.06 5386.34 139.28 4.06 
5247.06 5389.48 142.42 4.33 
5247.06 5395.22 148.16 4.36 
5247.06 5398.28 151.22 4.36 
5247.06 5401.27 154.21 4.23 
5247.06 5406.78 159.72 4.28 
5247.06 5409.14 162.08 4.28 
5247.06 5417.04 169.98 4.33 
5247.06 5432.95 185.89 4.36 
5247.06 5436.3 189.24 4.3 
5247.06 5441.34 194.28 4.22 
5247.06 5197.57 49.49 3.14 
5247.06 5234.63 12.43 3.13 
5247.06 5264.81 17.75 3.14 
5247.06 5414.07 167.01 3.13 
5247.06 5425.25 178.19 3.11 
5247.06 5427.81 180.75 6.63 
5247.06 5052.15 194.91 7.59 
5247.06 5380.32 133.26 7.59 
5247.06 5214.14 32.92 3.28 
5247.06 5287.18 40.12 3.35 
5247.06 5377.62 130.56 3.75 
5247.06 5399.47 152.41 3.76 
5247.06 5413.67 166.61 3.77 
5247.06 5342.71 95.65 3.93 
5247.06 5352.05 104.99 3.49 
5247.06 5359.2 112.14 4.06 
5247.06 5081.11 165.95 3.76 
5247.06 5094.41 152.65 3.74 
5247.06 5392.33 145.27 4.06 
5247.06 5218.21 28.85 3.73 
5247.06 5220.09 26.97 3.73 
5855.08 5853.15 1.93 3.12 
5855.08 5956.7 101.62 3.75 
5855.08 6052.67 197.59 3.26 
5855.08 5671.82 183.26 3.16 
5855.08 5657.88 197.2 3.1 
5855.08 5667.14 187.94 3.11 
5855.08 5684.19 170.89 3.1 
5855.08 5866.45 11.37 3.54 
5855.08 6064.63 209.55 3.56 
5855.08 5670.85 184.23 3.53 
5855.08 5703.59 151.49 3.56 
5855.08 5727.05 128.03 3.53 
5855.08 5737.07 118.01 3.55 
5855.08 6039.73 184.65 3.55 
5855.08 5853.69 1.39 4.01 
6056.01 5853.15 202.86 3.24 
6056.01 5956.7 99.31 3.87 
6056.01 6120.25 64.24 3.81 
6056.01 6158.17 102.16 6.01 
6056.01 6052.67 3.34 3.14 
6056.01 6245.62 189.61 3.22 
6056.01 5866.45 189.56 3.66 
6056.01 6064.63 8.62 3.68 
6056.01 6126.22 70.21 3.66 
6056.01 6258.11 202.1 3.29 
6056.01 6261.1 205.09 3.3 
6056.01 6039.73 16.28 3.67 
6056.01 6081.45 25.44 3.68 
6056.01 6090.21 34.2 3.65 
6056.01 6111.65 55.64 3.69 
6056.01 6135.36 79.35 3.68 
6056.01 6216.35 160.34 4.45 
6056.01 6224.51 168.5 4.44 
6056.01 6251.83 195.82 4.44 
6056.01 5847.0 209.01 3.05 
6056.01 6007.31 48.7 3.05 
6056.01 6108.12 52.11 3.05 
6056.01 6128.98 72.97 3.05 
6056.01 5853.69 202.32 4.13 
6056.01 6141.73 85.72 4.03 
6200.32 6158.17 42.15 8.13 
6200.32 6125.02 75.3 3.0 
6200.32 6142.49 57.83 3.01 
6200.32 6145.02 55.3 3.01 
6200.32 6195.46 4.86 3.26 
6200.32 6237.33 37.01 3.0 
6200.32 6243.82 43.5 3.01 
6200.32 6244.48 44.16 3.01 
6200.32 6052.67 147.65 5.26 
6200.32 6362.35 162.03 3.18 
6733.15 6581.21 151.94 3.15 
6733.15 6625.02 108.13 3.63 
6733.15 6710.32 22.83 3.15 
6733.15 6739.52 6.37 3.08 
6733.15 6707.83 25.32 4.64 
6733.15 6587.62 145.53 3.9 
6733.15 6757.17 24.02 3.23 
6733.15 6604.6 128.55 3.28 
6733.15 6599.12 134.03 3.74 
6750.16 6587.62 162.54 6.12 
6750.16 6583.71 166.45 3.53 
6750.16 6721.85 28.31 3.44 
6750.16 6741.63 8.53 3.56 
6750.16 6757.17 7.01 5.45 
4523.4 4562.63 39.23 3.63 
4523.4 4656.47 133.07 3.65 
4531.62 4562.63 31.01 3.19 
4531.62 4656.47 124.85 3.21 
4537.67 4562.63 24.96 3.25 
4537.67 4656.47 118.8 3.27 
4551.65 4555.49 3.84 3.09 
4551.65 4562.63 10.98 3.92 
4551.65 4656.47 104.82 3.94 
4556.93 4562.63 5.7 3.23 
4556.93 4656.47 99.54 3.25 
4566.52 4562.63 3.89 3.28 
4566.52 4656.47 89.95 3.3 
4574.22 4562.63 11.59 3.19 
4574.22 4656.47 82.25 3.21 
4593.53 4555.49 38.04 3.09 
4593.53 4562.63 30.9 3.92 
4593.53 4656.47 62.94 3.94 
4596.41 4562.63 33.78 3.63 
4596.41 4656.47 60.06 3.65 
4602.0 4802.52 200.52 3.0 
4602.95 4631.49 28.54 3.06 
4602.95 4661.54 58.59 3.07 
4602.95 4749.95 147.0 3.07 
4602.95 4802.52 199.57 3.12 
4607.65 4555.49 52.16 3.13 
4607.65 4562.63 45.02 3.96 
4607.65 4656.47 48.82 3.98 
4607.65 4626.18 18.53 3.01 
4625.05 4562.63 62.42 3.22 
4625.05 4656.47 31.42 3.24 
4631.49 4743.82 112.33 3.1 
4631.49 4555.49 76.0 3.7 
4631.49 4562.63 68.86 4.53 
4631.49 4656.47 24.98 4.55 
4631.49 4675.11 43.62 3.48 
4631.49 4722.61 91.12 3.5 
4631.49 4820.41 188.92 3.05 
4631.49 4583.41 48.08 3.39 
4631.49 4636.33 4.84 3.39 
4631.49 4657.2 25.71 3.31 
4631.49 4708.67 77.18 3.31 
4631.49 4600.75 30.74 3.55 
4631.49 4626.18 5.31 3.58 
4661.54 4772.82 111.28 3.0 
4661.54 4743.82 82.28 3.11 
4661.54 4555.49 106.05 3.71 
4661.54 4562.63 98.91 4.54 
4661.54 4656.47 5.07 4.56 
4661.54 4675.11 13.57 3.49 
4661.54 4722.61 61.07 3.51 
4661.54 4820.41 158.87 3.06 
4661.54 4583.41 78.13 3.4 
4661.54 4636.33 25.21 3.4 
4661.54 4657.2 4.34 3.32 
4661.54 4708.67 47.13 3.32 
4661.54 4600.75 60.79 3.56 
4661.54 4626.18 35.36 3.59 
4690.14 4562.63 127.51 3.67 
4690.14 4656.47 33.67 3.69 
4749.95 4772.82 22.87 3.0 
4749.95 4743.82 6.13 3.11 
4749.95 4555.49 194.46 3.71 
4749.95 4562.63 187.32 4.54 
4749.95 4656.47 93.48 4.56 
4749.95 4675.11 74.84 3.49 
4749.95 4722.61 27.34 3.51 
4749.95 4820.41 70.46 3.06 
4749.95 4583.41 166.54 3.4 
4749.95 4636.33 113.62 3.4 
4749.95 4657.2 92.75 3.32 
4749.95 4708.67 41.28 3.32 
4749.95 4600.75 149.2 3.56 
4749.95 4626.18 123.77 3.59 
4749.95 4900.12 150.17 3.53 
4757.58 4562.63 194.95 3.25 
4757.58 4656.47 101.11 3.27 
4772.82 4802.52 29.7 3.05 
4779.44 4656.47 122.97 3.42 
4780.81 4656.47 124.34 3.25 
4787.83 4656.47 131.36 3.0 
4787.83 4997.1 209.27 3.0 
4788.76 4656.47 132.29 3.24 
4788.76 4997.1 208.34 3.24 
4789.65 4656.47 133.18 3.55 
4789.65 4997.1 207.45 3.55 
4793.97 4656.47 137.5 3.05 
4793.97 4997.1 203.13 3.05 
4799.41 4656.47 142.94 3.64 
4799.41 4997.1 197.69 3.64 
4802.52 4994.14 191.62 3.69 
4802.52 4743.82 58.7 3.16 
4802.52 4656.47 146.05 4.61 
4802.52 4675.11 127.41 3.54 
4802.52 4722.61 79.91 3.56 
4802.52 4820.41 17.89 3.11 
4802.52 4997.1 194.58 4.61 
4802.52 4636.33 166.19 3.45 
4802.52 4657.2 145.32 3.37 
4802.52 4708.67 93.85 3.37 
4802.52 4600.75 201.77 3.61 
4802.52 4626.18 176.34 3.64 
4802.52 4964.93 162.41 3.67 
4802.52 4900.12 97.6 3.58 
4802.88 4656.47 146.41 3.69 
4802.88 4997.1 194.22 3.69 
4808.15 4656.47 151.68 3.25 
4808.15 4997.1 188.95 3.25 
4809.94 4656.47 153.47 3.57 
4809.94 4997.1 187.16 3.57 
4811.05 4656.47 154.58 3.07 
4811.05 4997.1 186.05 3.07 
4885.43 5052.15 166.72 3.8 
4885.43 4997.1 111.67 3.88 
4885.43 5016.17 130.74 3.03 
4885.43 5039.96 154.53 3.86 
4885.43 5092.8 207.37 3.5 
4905.14 4994.14 89.0 3.01 
4905.14 5052.15 147.01 3.75 
4905.14 4997.1 91.96 3.93 
4905.14 5016.17 111.03 3.08 
4905.14 5039.96 134.82 3.91 
4905.14 5092.8 187.66 3.55 
4924.77 5052.15 127.38 5.4 
4946.39 5052.15 105.76 4.31 
4946.39 4997.1 50.71 3.37 
4946.39 5039.96 93.57 3.35 
4952.65 4994.14 41.49 3.29 
4952.65 5083.34 130.69 3.25 
4952.65 5107.45 154.8 3.22 
4952.65 5127.36 174.71 3.29 
4952.65 5151.91 199.26 3.2 
4952.65 5052.15 99.5 3.47 
4952.65 4997.1 44.45 4.21 
4952.65 5016.17 63.52 3.36 
4952.65 5039.96 87.31 4.19 
4952.65 4964.93 12.28 3.27 
4952.65 4900.12 52.53 3.18 
4952.65 5087.43 134.78 3.13 
4952.65 5092.8 140.15 3.83 
4961.92 5052.15 90.23 4.05 
4961.92 4997.1 35.18 3.63 
4961.92 5039.96 78.04 3.61 
4961.92 5092.8 130.88 3.25 
4962.58 4994.14 31.56 3.26 
4962.58 5083.34 120.76 3.22 
4962.58 5107.45 144.87 3.19 
4962.58 5127.36 164.78 3.26 
4962.58 5151.91 189.33 3.17 
4962.58 5052.15 89.57 3.5 
4962.58 4997.1 34.52 4.18 
4962.58 5016.17 53.59 3.33 
4962.58 5039.96 77.38 4.16 
4962.58 4964.93 2.35 3.24 
4962.58 4900.12 62.46 3.15 
4962.58 5087.43 124.85 3.1 
4962.58 5092.8 130.22 3.8 
4967.9 4994.14 26.24 3.27 
4967.9 5083.34 115.44 3.23 
4967.9 5107.45 139.55 3.2 
4967.9 5127.36 159.46 3.27 
4967.9 5151.91 184.01 3.18 
4967.9 5052.15 84.25 3.49 
4967.9 4997.1 29.2 4.19 
4967.9 5016.17 48.27 3.34 
4967.9 5039.96 72.06 4.17 
4967.9 4964.93 2.97 3.25 
4967.9 4900.12 67.78 3.16 
4967.9 5087.43 119.53 3.11 
4967.9 5092.8 124.9 3.81 
4993.7 4994.14 0.44 3.29 
4993.7 5083.34 89.64 3.25 
4993.7 5107.45 113.75 3.22 
4993.7 5127.36 133.66 3.29 
4993.7 5151.91 158.21 3.2 
4993.7 5052.15 58.45 3.47 
4993.7 4997.1 3.4 4.21 
4993.7 5016.17 22.47 3.36 
4993.7 5039.96 46.26 4.19 
4993.7 4964.93 28.77 3.27 
4993.7 4900.12 93.58 3.18 
4993.7 5087.43 93.73 3.13 
4993.7 5200.42 206.72 3.22 
4993.7 5092.8 99.1 3.83 
4994.14 5067.15 73.01 3.3 
4994.14 5072.68 78.54 3.3 
4994.14 5074.76 80.62 3.3 
4994.14 5088.15 94.01 3.23 
4994.14 5090.78 96.64 3.34 
4994.14 5109.65 115.51 3.38 
4994.14 5129.63 135.49 3.02 
4994.14 5159.06 164.92 3.36 
4994.14 5180.06 185.92 3.55 
4994.14 5187.91 193.77 3.22 
4994.14 5195.48 201.34 3.3 
4994.14 5196.06 201.92 3.34 
4994.14 5197.94 203.8 3.38 
4994.14 5052.15 58.01 6.76 
4994.14 4810.54 183.6 3.16 
5049.82 5052.15 2.33 5.4 
5044.22 5052.15 7.93 4.83 
5054.65 5225.53 170.88 3.53 
5054.65 5250.21 195.56 3.52 
5054.65 5052.15 2.5 4.04 
5054.65 4997.1 57.55 3.64 
5054.65 5039.96 14.69 3.62 
5054.65 5219.7 165.05 3.62 
5054.65 5092.8 38.15 3.26 
5067.15 5083.34 16.19 3.26 
5067.15 5107.45 40.3 3.23 
5067.15 5127.36 60.21 3.3 
5067.15 5151.91 84.76 3.21 
5067.15 5225.53 158.38 4.11 
5067.15 5250.21 183.06 4.1 
5067.15 5052.15 15.0 3.46 
5067.15 4997.1 70.05 4.22 
5067.15 5016.17 50.98 3.37 
5067.15 5039.96 27.19 4.2 
5067.15 5219.7 152.55 4.2 
5067.15 4964.93 102.22 3.28 
5067.15 5247.57 180.42 3.26 
5067.15 4900.12 167.03 3.19 
5067.15 5087.43 20.28 3.14 
5067.15 5200.42 133.27 3.23 
5067.15 5092.8 25.65 3.84 
5068.77 5052.15 16.62 4.74 
5072.68 5083.34 10.66 3.26 
5072.68 5107.45 34.77 3.23 
5072.68 5127.36 54.68 3.3 
5072.68 5151.91 79.23 3.21 
5072.68 5225.53 152.85 4.11 
5072.68 5250.21 177.53 4.1 
5072.68 5052.15 20.53 3.46 
5072.68 4997.1 75.58 4.22 
5072.68 5016.17 56.51 3.37 
5072.68 5039.96 32.72 4.2 
5072.68 5219.7 147.02 4.2 
5072.68 4964.93 107.75 3.28 
5072.68 5247.57 174.89 3.26 
5072.68 4900.12 172.56 3.19 
5072.68 5087.43 14.75 3.14 
5072.68 5200.42 127.74 3.23 
5072.68 5092.8 20.12 3.84 
5074.76 5083.34 8.58 3.26 
5074.76 5107.45 32.69 3.23 
5074.76 5127.36 52.6 3.3 
5074.76 5151.91 77.15 3.21 
5074.76 5225.53 150.77 4.11 
5074.76 5250.21 175.45 4.1 
5074.76 5052.15 22.61 3.46 
5074.76 4997.1 77.66 4.22 
5074.76 5016.17 58.59 3.37 
5074.76 5039.96 34.8 4.2 
5074.76 5219.7 144.94 4.2 
5074.76 4964.93 109.83 3.28 
5074.76 5247.57 172.81 3.26 
5074.76 4900.12 174.64 3.19 
5074.76 5087.43 12.67 3.14 
5074.76 5200.42 125.66 3.23 
5074.76 5092.8 18.04 3.84 
5083.34 5088.15 4.81 3.19 
5083.34 5090.78 7.44 3.3 
5083.34 5109.65 26.31 3.34 
5083.34 5159.06 75.72 3.32 
5083.34 5180.06 96.72 3.51 
5083.34 5187.91 104.57 3.18 
5083.34 5195.48 112.14 3.26 
5083.34 5196.06 112.72 3.3 
5083.34 5197.94 114.6 3.34 
5083.34 5228.38 145.04 3.26 
5083.34 5243.78 160.44 3.3 
5083.34 5052.15 31.19 6.72 
5088.15 5107.45 19.3 3.16 
5088.15 5127.36 39.21 3.23 
5088.15 5151.91 63.76 3.14 
5088.15 5225.53 137.38 4.04 
5088.15 5250.21 162.06 4.03 
5088.15 5052.15 36.0 3.53 
5088.15 4997.1 91.05 4.15 
5088.15 5016.17 71.98 3.3 
5088.15 5039.96 48.19 4.13 
5088.15 5219.7 131.55 4.13 
5088.15 4964.93 123.22 3.21 
5088.15 5247.57 159.42 3.19 
5088.15 5296.7 208.55 3.17 
5088.15 4900.12 188.03 3.12 
5088.15 5087.43 0.72 3.07 
5088.15 5200.42 112.27 3.16 
5088.15 5092.8 4.65 3.77 
5090.78 5107.45 16.67 3.27 
5090.78 5127.36 36.58 3.34 
5090.78 5151.91 61.13 3.25 
5090.78 5225.53 134.75 4.15 
5090.78 5250.21 159.43 4.14 
5090.78 5052.15 38.63 3.42 
5090.78 4997.1 93.68 4.26 
5090.78 5016.17 74.61 3.41 
5090.78 5039.96 50.82 4.24 
5090.78 5219.7 128.92 4.24 
5090.78 4964.93 125.85 3.32 
5090.78 5247.57 156.79 3.3 
5090.78 5296.7 205.92 3.28 
5090.78 5300.75 209.97 3.28 
5090.78 4900.12 190.66 3.23 
5090.78 5087.43 3.35 3.18 
5090.78 5200.42 109.64 3.27 
5090.78 5092.8 2.02 3.88 
5107.45 5109.65 2.2 3.31 
5107.45 5159.06 51.61 3.29 
5107.45 5180.06 72.61 3.48 
5107.45 5187.91 80.46 3.15 
5107.45 5195.48 88.03 3.23 
5107.45 5196.06 88.61 3.27 
5107.45 5197.94 90.49 3.31 
5107.45 5228.38 120.93 3.23 
5107.45 5243.78 136.33 3.27 
5107.45 5293.96 186.51 3.15 
5107.45 5295.32 187.87 3.43 
5107.45 5052.15 55.3 6.69 
5107.65 5052.15 55.5 6.12 
5109.65 5127.36 17.71 3.38 
5109.65 5151.91 42.26 3.29 
5109.65 5225.53 115.88 4.19 
5109.65 5250.21 140.56 4.18 
5109.65 5052.15 57.5 3.38 
5109.65 4997.1 112.55 4.3 
5109.65 5016.17 93.48 3.45 
5109.65 5039.96 69.69 4.28 
5109.65 5219.7 110.05 4.28 
5109.65 4964.93 144.72 3.36 
5109.65 5247.57 137.92 3.34 
5109.65 5296.7 187.05 3.32 
5109.65 5300.75 191.1 3.32 
5109.65 4900.12 209.53 3.27 
5109.65 5087.43 22.22 3.22 
5109.65 5200.42 90.77 3.31 
5109.65 5092.8 16.85 3.92 
5127.36 5129.63 2.27 3.02 
5127.36 5159.06 31.7 3.36 
5127.36 5180.06 52.7 3.55 
5127.36 5187.91 60.55 3.22 
5127.36 5195.48 68.12 3.3 
5127.36 5196.06 68.7 3.34 
5127.36 5197.94 70.58 3.38 
5127.36 5228.38 101.02 3.3 
5127.36 5243.78 116.42 3.34 
5127.36 5293.96 166.6 3.22 
5127.36 5295.32 167.96 3.5 
5127.36 5052.15 75.21 6.76 
5129.63 5225.53 95.9 3.83 
5129.63 5250.21 120.58 3.82 
5129.63 5052.15 77.48 3.74 
5129.63 4997.1 132.53 3.94 
5129.63 5016.17 113.46 3.09 
5129.63 5039.96 89.67 3.92 
5129.63 5219.7 90.07 3.92 
5129.63 4964.93 164.7 3.0 
5129.63 5092.8 36.83 3.56 
5141.74 5052.15 89.59 5.26 
5143.73 5052.15 91.58 5.48 
5151.91 5159.06 7.15 3.27 
5151.91 5180.06 28.15 3.46 
5151.91 5187.91 36.0 3.13 
5151.91 5195.48 43.57 3.21 
5151.91 5196.06 44.15 3.25 
5151.91 5197.94 46.03 3.29 
5151.91 5228.38 76.47 3.21 
5151.91 5243.78 91.87 3.25 
5151.91 5293.96 142.05 3.13 
5151.91 5295.32 143.41 3.41 
5151.91 5361.62 209.71 3.41 
5151.91 5052.15 99.76 6.67 
5151.91 5342.71 190.8 3.01 
5151.91 5359.2 207.29 3.14 
5159.06 5225.53 66.47 4.17 
5159.06 5250.21 91.15 4.16 
5159.06 5052.15 106.91 3.4 
5159.06 4997.1 161.96 4.28 
5159.06 5016.17 142.89 3.43 
5159.06 5039.96 119.1 4.26 
5159.06 5219.7 60.64 4.26 
5159.06 4964.93 194.13 3.34 
5159.06 5247.57 88.51 3.32 
5159.06 5296.7 137.64 3.3 
5159.06 5300.75 141.69 3.3 
5159.06 5087.43 71.63 3.2 
5159.06 5200.42 41.36 3.29 
5159.06 5092.8 66.26 3.9 
5180.06 5225.53 45.47 4.36 
5180.06 5250.21 70.15 4.35 
5180.06 5052.15 127.91 3.21 
5180.06 5380.32 200.26 3.21 
5180.06 4997.1 182.96 4.47 
5180.06 5016.17 163.89 3.62 
5180.06 5039.96 140.1 4.45 
5180.06 5071.49 108.57 3.01 
5180.06 5113.44 66.62 3.03 
5180.06 5145.47 34.59 3.01 
5180.06 5219.7 39.64 4.45 
5180.06 5247.57 67.51 3.51 
5180.06 5296.7 116.64 3.49 
5180.06 5300.75 120.69 3.49 
5180.06 5087.43 92.63 3.39 
5180.06 5200.42 20.36 3.48 
5180.06 5092.8 87.26 4.09 
5187.91 5225.53 37.62 4.03 
5187.91 5250.21 62.3 4.02 
5187.91 5052.15 135.76 3.54 
5187.91 5380.32 192.41 3.54 
5187.91 4997.1 190.81 4.14 
5187.91 5016.17 171.74 3.29 
5187.91 5039.96 147.95 4.12 
5187.91 5219.7 31.79 4.12 
5187.91 5247.57 59.66 3.18 
5187.91 5296.7 108.79 3.16 
5187.91 5300.75 112.84 3.16 
5187.91 5087.43 100.48 3.06 
5187.91 5200.42 12.51 3.15 
5187.91 5092.8 95.11 3.76 
5194.95 5052.15 142.8 6.12 
5194.95 5380.32 185.37 6.12 
5195.48 5225.53 30.05 4.11 
5195.48 5250.21 54.73 4.1 
5195.48 5052.15 143.33 3.46 
5195.48 5380.32 184.84 3.46 
5195.48 4997.1 198.38 4.22 
5195.48 5016.17 179.31 3.37 
5195.48 5039.96 155.52 4.2 
5195.48 5219.7 24.22 4.2 
5195.48 5247.57 52.09 3.26 
5195.48 5296.7 101.22 3.24 
5195.48 5300.75 105.27 3.24 
5195.48 5087.43 108.05 3.14 
5195.48 5200.42 4.94 3.23 
5195.48 5092.8 102.68 3.84 
5196.06 5225.53 29.47 4.15 
5196.06 5250.21 54.15 4.14 
5196.06 5052.15 143.91 3.42 
5196.06 5380.32 184.26 3.42 
5196.06 4997.1 198.96 4.26 
5196.06 5016.17 179.89 3.41 
5196.06 5039.96 156.1 4.24 
5196.06 5219.7 23.64 4.24 
5196.06 5247.57 51.51 3.3 
5196.06 5296.7 100.64 3.28 
5196.06 5300.75 104.69 3.28 
5196.06 5087.43 108.63 3.18 
5196.06 5200.42 4.36 3.27 
5196.06 5092.8 103.26 3.88 
5197.94 5225.53 27.59 4.19 
5197.94 5250.21 52.27 4.18 
5197.94 5052.15 145.79 3.38 
5197.94 5380.32 182.38 3.38 
5197.94 4997.1 200.84 4.3 
5197.94 5016.17 181.77 3.45 
5197.94 5039.96 157.98 4.28 
5197.94 5219.7 21.76 4.28 
5197.94 5247.57 49.63 3.34 
5197.94 5296.7 98.76 3.32 
5197.94 5300.75 102.81 3.32 
5197.94 5087.43 110.51 3.22 
5197.94 5200.42 2.48 3.31 
5197.94 5092.8 105.14 3.92 
5198.72 5052.15 146.57 5.46 
5198.72 5380.32 181.6 5.46 
5217.4 5225.53 8.13 3.1 
5217.4 5250.21 32.81 3.09 
5217.4 5052.15 165.25 4.47 
5217.4 5380.32 162.92 4.47 
5217.4 5039.96 177.44 3.19 
5217.4 5219.7 2.3 3.19 
5223.19 5225.53 2.34 3.52 
5223.19 5250.21 27.02 3.51 
5223.19 5427.81 204.62 3.09 
5223.19 5052.15 171.04 4.05 
5223.19 5380.32 157.13 4.05 
5223.19 5039.96 183.23 3.61 
5223.19 5219.7 3.49 3.61 
5223.19 5092.8 130.39 3.25 
5225.53 5228.38 2.85 4.11 
5225.53 5229.86 4.33 3.17 
5225.53 5242.5 16.97 3.52 
5225.53 5243.78 18.25 4.15 
5225.53 5253.47 27.94 3.17 
5225.53 5263.31 37.78 3.16 
5225.53 5288.53 63.0 3.58 
5225.53 5293.96 68.43 4.03 
5225.53 5294.55 69.02 3.53 
5225.53 5295.32 69.79 4.31 
5225.53 5361.62 136.09 4.31 
5225.53 5373.71 148.18 4.36 
5225.53 5376.83 151.3 4.18 
5225.53 5379.58 154.05 3.58 
5225.53 5386.34 160.81 4.04 
5225.53 5389.48 163.95 4.31 
5225.53 5395.22 169.69 4.34 
5225.53 5398.28 172.75 4.34 
5225.53 5401.27 175.74 4.21 
5225.53 5406.78 181.25 4.26 
5225.53 5409.14 183.61 4.26 
5225.53 5417.04 191.51 4.31 
5225.53 5432.95 207.42 4.34 
5225.53 5197.57 27.96 3.12 
5225.53 5234.63 9.1 3.11 
5225.53 5264.81 39.28 3.12 
5225.53 5414.07 188.54 3.11 
5225.53 5425.25 199.72 3.09 
5225.53 5427.81 202.28 6.61 
5225.53 5052.15 173.38 7.57 
5225.53 5380.32 154.79 7.57 
5225.53 5214.14 11.39 3.26 
5225.53 5287.18 61.65 3.33 
5225.53 5377.62 152.09 3.73 
5225.53 5399.47 173.94 3.74 
5225.53 5413.67 188.14 3.75 
5225.53 5342.71 117.18 3.91 
5225.53 5352.05 126.52 3.47 
5225.53 5359.2 133.67 4.04 
5225.53 5081.11 144.42 3.74 
5225.53 5094.41 131.12 3.72 
5225.53 5392.33 166.8 4.04 
5225.53 5218.21 7.32 3.71 
5225.53 5220.09 5.44 3.71 
5228.38 5250.21 21.83 4.1 
5228.38 5052.15 176.23 3.46 
5228.38 5380.32 151.94 3.46 
5228.38 5039.96 188.42 4.2 
5228.38 5219.7 8.68 4.2 
5228.38 5247.57 19.19 3.26 
5228.38 5296.7 68.32 3.24 
5228.38 5300.75 72.37 3.24 
5228.38 5087.43 140.95 3.14 
5228.38 5200.42 27.96 3.23 
5228.38 5092.8 135.58 3.84 
5229.86 5250.21 20.35 3.16 
5229.86 5427.81 197.95 3.44 
5229.86 5052.15 177.71 4.4 
5229.86 5380.32 150.46 4.4 
5229.86 5039.96 189.9 3.26 
5229.86 5219.7 10.16 3.26 
5242.5 5250.21 7.71 3.51 
5242.5 5427.81 185.31 3.09 
5242.5 5052.15 190.35 4.05 
5242.5 5380.32 137.82 4.05 
5242.5 5039.96 202.54 3.61 
5242.5 5219.7 22.8 3.61 
5242.5 5092.8 149.7 3.25 
5243.78 5250.21 6.43 4.14 
5243.78 5052.15 191.63 3.42 
5243.78 5380.32 136.54 3.42 
5243.78 5039.96 203.82 4.24 
5243.78 5219.7 24.08 4.24 
5243.78 5247.57 3.79 3.3 
5243.78 5296.7 52.92 3.28 
5243.78 5300.75 56.97 3.28 
5243.78 5087.43 156.35 3.18 
5243.78 5200.42 43.36 3.27 
5243.78 5092.8 150.98 3.88 
5250.21 5253.47 3.26 3.16 
5250.21 5263.31 13.1 3.15 
5250.21 5288.53 38.32 3.57 
5250.21 5293.96 43.75 4.02 
5250.21 5294.55 44.34 3.52 
5250.21 5295.32 45.11 4.3 
5250.21 5361.62 111.41 4.3 
5250.21 5373.71 123.5 4.35 
5250.21 5376.83 126.62 4.17 
5250.21 5379.58 129.37 3.57 
5250.21 5386.34 136.13 4.03 
5250.21 5389.48 139.27 4.3 
5250.21 5395.22 145.01 4.33 
5250.21 5398.28 148.07 4.33 
5250.21 5401.27 151.06 4.2 
5250.21 5406.78 156.57 4.25 
5250.21 5409.14 158.93 4.25 
5250.21 5417.04 166.83 4.3 
5250.21 5432.95 182.74 4.33 
5250.21 5436.3 186.09 4.27 
5250.21 5441.34 191.13 4.19 
5250.21 5197.57 52.64 3.11 
5250.21 5234.63 15.58 3.1 
5250.21 5264.81 14.6 3.11 
5250.21 5414.07 163.86 3.1 
5250.21 5425.25 175.04 3.08 
5250.21 5427.81 177.6 6.6 
5250.21 5052.15 198.06 7.56 
5250.21 5380.32 130.11 7.56 
5250.21 5214.14 36.07 3.25 
5250.21 5287.18 36.97 3.32 
5250.21 5377.62 127.41 3.72 
5250.21 5399.47 149.26 3.73 
5250.21 5413.67 163.46 3.74 
5250.21 5342.71 92.5 3.9 
5250.21 5352.05 101.84 3.46 
5250.21 5359.2 108.99 4.03 
5250.21 5081.11 169.1 3.73 
5250.21 5094.41 155.8 3.71 
5250.21 5392.33 142.12 4.03 
5250.21 5218.21 32.0 3.7 
5250.21 5220.09 30.12 3.7 
5253.02 5427.81 174.79 4.44 
5253.02 5052.15 200.87 5.4 
5253.02 5380.32 127.3 5.4 
5253.47 5427.81 174.34 3.44 
5253.47 5052.15 201.32 4.4 
5253.47 5380.32 126.85 4.4 
5253.47 5219.7 33.77 3.26 
5263.31 5427.81 164.5 3.45 
5263.31 5380.32 117.01 4.41 
5263.31 5219.7 43.61 3.25 
5288.53 5427.81 139.28 3.03 
5288.53 5380.32 91.79 3.99 
5288.53 5219.7 68.83 3.67 
5288.53 5092.8 195.73 3.31 
5293.96 5380.32 86.36 3.54 
5293.96 5219.7 74.26 4.12 
5293.96 5247.57 46.39 3.18 
5293.96 5296.7 2.74 3.16 
5293.96 5300.75 6.79 3.16 
5293.96 5087.43 206.53 3.06 
5293.96 5200.42 93.54 3.15 
5293.96 5092.8 201.16 3.76 
5294.55 5427.81 133.26 3.08 
5294.55 5380.32 85.77 4.04 
5294.55 5219.7 74.85 3.62 
5294.55 5092.8 201.75 3.26 
5295.32 5380.32 85.0 3.26 
5295.32 5219.7 75.62 4.4 
5295.32 5247.57 47.75 3.46 
5295.32 5296.7 1.38 3.44 
5295.32 5300.75 5.43 3.44 
5295.32 5087.43 207.89 3.34 
5295.32 5200.42 94.9 3.43 
5295.32 5092.8 202.52 4.04 
5361.62 5380.32 18.7 3.26 
5361.62 5219.7 141.92 4.4 
5361.62 5247.57 114.05 3.46 
5361.62 5296.7 64.92 3.44 
5361.62 5300.75 60.87 3.44 
5361.62 5200.42 161.2 3.43 
5373.71 5380.32 6.61 3.21 
5373.71 5219.7 154.01 4.45 
5373.71 5490.16 116.45 3.01 
5373.71 5247.57 126.14 3.51 
5373.71 5296.7 77.01 3.49 
5373.71 5300.75 72.96 3.49 
5373.71 5200.42 173.29 3.48 
5376.83 5380.32 3.49 3.39 
5376.83 5219.7 157.13 4.27 
5376.83 5247.57 129.26 3.33 
5376.83 5296.7 80.13 3.31 
5376.83 5300.75 76.08 3.31 
5376.83 5200.42 176.41 3.3 
5379.58 5427.81 48.23 3.03 
5379.58 5380.32 0.74 3.99 
5379.58 5219.7 159.88 3.67 
5386.34 5380.32 6.02 3.53 
5386.34 5219.7 166.64 4.13 
5386.34 5247.57 138.77 3.19 
5386.34 5296.7 89.64 3.17 
5386.34 5300.75 85.59 3.17 
5386.34 5200.42 185.92 3.16 
5389.48 5380.32 9.16 3.26 
5389.48 5219.7 169.78 4.4 
5389.48 5247.57 141.91 3.46 
5389.48 5296.7 92.78 3.44 
5389.48 5300.75 88.73 3.44 
5389.48 5200.42 189.06 3.43 
5395.22 5380.32 14.9 3.23 
5395.22 5219.7 175.52 4.43 
5395.22 5247.57 147.65 3.49 
5395.22 5296.7 98.52 3.47 
5395.22 5300.75 94.47 3.47 
5395.22 5200.42 194.8 3.46 
5398.28 5380.32 17.96 3.23 
5398.28 5219.7 178.58 4.43 
5398.28 5247.57 150.71 3.49 
5398.28 5296.7 101.58 3.47 
5398.28 5300.75 97.53 3.47 
5398.28 5200.42 197.86 3.46 
5401.27 5380.32 20.95 3.36 
5401.27 5219.7 181.57 4.3 
5401.27 5247.57 153.7 3.36 
5401.27 5296.7 104.57 3.34 
5401.27 5300.75 100.52 3.34 
5401.27 5200.42 200.85 3.33 
5406.78 5380.32 26.46 3.31 
5406.78 5219.7 187.08 4.35 
5406.78 5247.57 159.21 3.41 
5406.78 5296.7 110.08 3.39 
5406.78 5300.75 106.03 3.39 
5406.78 5200.42 206.36 3.38 
5409.14 5380.32 28.82 3.31 
5409.14 5219.7 189.44 4.35 
5409.14 5247.57 161.57 3.41 
5409.14 5296.7 112.44 3.39 
5409.14 5300.75 108.39 3.39 
5409.14 5200.42 208.72 3.38 
5417.04 5380.32 36.72 3.26 
5417.04 5219.7 197.34 4.4 
5417.04 5247.57 169.47 3.46 
5417.04 5296.7 120.34 3.44 
5417.04 5300.75 116.29 3.44 
5432.95 5380.32 52.63 3.23 
5432.95 5247.57 185.38 3.49 
5432.95 5296.7 136.25 3.47 
5432.95 5300.75 132.2 3.47 
5436.3 5380.32 55.98 3.29 
5436.3 5247.57 188.73 3.43 
5436.3 5296.7 139.6 3.41 
5436.3 5300.75 135.55 3.41 
5436.59 5427.81 8.78 4.44 
5436.59 5380.32 56.27 5.4 
5441.34 5380.32 61.02 3.37 
5441.34 5247.57 193.77 3.35 
5441.34 5296.7 144.64 3.33 
5441.34 5300.75 140.59 3.33 
5461.55 5380.32 81.23 3.23 
5461.55 5670.85 209.3 3.37 
5461.55 5296.7 164.85 3.47 
5461.55 5300.75 160.8 3.47 
5464.28 5380.32 83.96 3.54 
5464.28 5670.85 206.57 3.06 
5464.28 5296.7 167.58 3.16 
5464.28 5300.75 163.53 3.16 
5466.99 5427.81 39.18 3.07 
5466.99 5380.32 86.67 4.03 
5473.17 5380.32 92.85 3.49 
5473.17 5670.85 197.68 3.11 
5473.17 5296.7 176.47 3.21 
5473.17 5300.75 172.42 3.21 
5481.25 5380.32 100.93 3.58 
5481.25 5670.85 189.6 3.02 
5481.25 5296.7 184.55 3.12 
5481.25 5300.75 180.5 3.12 
5491.83 5380.32 111.51 3.49 
5491.83 5670.85 179.02 3.11 
5491.83 5296.7 195.13 3.21 
5491.83 5300.75 191.08 3.21 
5522.45 5380.32 142.13 3.47 
5522.45 5670.85 148.4 3.13 
5522.45 5703.59 181.14 3.16 
5522.45 5727.05 204.6 3.13 
5534.66 5380.32 154.34 3.53 
5534.66 5670.85 136.19 3.07 
5534.66 5703.59 168.93 3.1 
5534.66 5727.05 192.39 3.07 
5534.66 5737.07 202.41 3.09 
5538.52 5427.81 110.71 3.09 
5538.52 5380.32 158.2 4.05 
5543.94 5380.32 163.62 3.46 
5543.94 5670.85 126.91 3.14 
5543.94 5703.59 159.65 3.17 
5543.94 5727.05 183.11 3.14 
5543.94 5737.07 193.13 3.16 
5546.51 5380.32 166.19 3.31 
5546.51 5670.85 124.34 3.29 
5546.51 5703.59 157.08 3.32 
5546.51 5727.05 180.54 3.29 
5546.51 5737.07 190.56 3.31 
5547.0 5380.32 166.68 3.46 
5547.0 5670.85 123.85 3.14 
5547.0 5703.59 156.59 3.17 
5547.0 5727.05 180.05 3.14 
5547.0 5737.07 190.07 3.16 
5553.58 5380.32 173.26 3.25 
5553.58 5670.85 117.27 3.35 
5553.58 5703.59 150.01 3.38 
5553.58 5727.05 173.47 3.35 
5553.58 5737.07 183.49 3.37 
5560.22 5380.32 179.9 3.25 
5560.22 5670.85 110.63 3.35 
5560.22 5703.59 143.37 3.38 
5560.22 5727.05 166.83 3.35 
5560.22 5737.07 176.85 3.37 
5567.4 5427.81 139.59 4.11 
5567.4 5380.32 187.08 5.07 
5567.4 5753.64 186.24 3.01 
5577.03 5520.5 56.53 3.16 
5577.03 5671.82 94.79 3.58 
5577.03 5526.82 50.21 3.26 
5577.03 5657.88 80.85 3.52 
5577.03 5667.14 90.11 3.53 
5577.03 5684.19 107.16 3.52 
5577.03 5490.16 86.87 3.57 
5577.03 5381.03 196.0 3.46 
5577.03 5418.77 158.26 3.45 
5577.03 5670.85 93.82 3.95 
5577.03 5703.59 126.56 3.98 
5577.03 5727.05 150.02 3.95 
5577.03 5737.07 160.04 3.97 
5577.03 5435.86 141.17 3.04 
5577.03 5578.72 1.69 3.35 
5577.03 5587.87 10.84 3.1 
5577.03 5754.68 177.65 3.09 
5577.03 5748.36 171.33 3.35 
5577.03 5402.78 174.25 3.19 
5584.77 5427.81 156.96 3.15 
5584.77 5380.32 204.45 4.11 
5587.58 5380.32 207.26 3.54 
5587.58 5670.85 83.27 3.06 
5587.58 5703.59 116.01 3.09 
5587.58 5727.05 139.47 3.06 
5587.58 5737.07 149.49 3.08 
5594.66 5671.82 77.16 3.1 
5594.66 5657.88 63.22 3.04 
5594.66 5667.14 72.48 3.05 
5594.66 5684.19 89.53 3.04 
5594.66 5490.16 104.5 3.09 
5594.66 5670.85 76.19 3.47 
5594.66 5703.59 108.93 3.5 
5594.66 5727.05 132.39 3.47 
5594.66 5737.07 142.41 3.49 
5618.64 5670.85 52.21 3.13 
5618.64 5703.59 84.95 3.16 
5618.64 5727.05 108.41 3.13 
5618.64 5737.07 118.43 3.15 
5619.6 5670.85 51.25 3.31 
5619.6 5703.59 83.99 3.34 
5619.6 5727.05 107.45 3.31 
5619.6 5737.07 117.47 3.33 
5633.95 5520.5 113.45 3.12 
5633.95 5671.82 37.87 3.54 
5633.95 5526.82 107.13 3.22 
5633.95 5657.88 23.93 3.48 
5633.95 5667.14 33.19 3.49 
5633.95 5684.19 50.24 3.48 
5633.95 5490.16 143.79 3.53 
5633.95 5670.85 36.9 3.91 
5633.95 5703.59 69.64 3.94 
5633.95 5727.05 93.1 3.91 
5633.95 5737.07 103.12 3.93 
5633.95 5435.86 198.09 3.0 
5633.95 5578.72 55.23 3.31 
5633.95 5587.87 46.08 3.06 
5633.95 5754.68 120.73 3.05 
5633.95 5748.36 114.41 3.31 
5635.83 5670.85 35.02 3.18 
5635.83 5703.59 67.76 3.21 
5635.83 5727.05 91.22 3.18 
5635.83 5737.07 101.24 3.2 
5636.7 5427.81 208.89 3.08 
5638.27 5670.85 32.58 3.14 
5638.27 5703.59 65.32 3.17 
5638.27 5727.05 88.78 3.14 
5638.27 5737.07 98.8 3.16 
5641.44 5670.85 29.41 3.18 
5641.44 5703.59 62.15 3.21 
5641.44 5727.05 85.61 3.18 
5641.44 5737.07 95.63 3.2 
5649.99 5853.15 203.16 3.61 
5649.99 5688.22 38.23 3.0 
5649.99 5520.5 129.49 3.23 
5649.99 5671.82 21.83 3.65 
5649.99 5526.82 123.17 3.33 
5649.99 5657.88 7.89 3.59 
5649.99 5667.14 17.15 3.6 
5649.99 5684.19 34.2 3.59 
5649.99 5490.16 159.83 3.64 
5649.99 5670.85 20.86 4.02 
5649.99 5703.59 53.6 4.05 
5649.99 5727.05 77.06 4.02 
5649.99 5737.07 87.08 4.04 
5649.99 5578.72 71.27 3.42 
5649.99 5587.87 62.12 3.17 
5649.99 5754.68 104.69 3.16 
5649.99 5847.0 197.01 3.42 
5649.99 5748.36 98.37 3.42 
5649.99 5853.69 203.7 4.5 
5651.47 5671.82 20.35 3.02 
5651.47 5490.16 161.31 3.01 
5651.47 5670.85 19.38 3.39 
5651.47 5703.59 52.12 3.42 
5651.47 5727.05 75.58 3.39 
5651.47 5737.07 85.6 3.41 
5651.47 5853.69 202.22 3.87 
5652.32 5670.85 18.53 3.18 
5652.32 5703.59 51.27 3.21 
5652.32 5727.05 74.73 3.18 
5652.32 5737.07 84.75 3.2 
5652.32 5853.69 201.37 3.66 
5653.87 5670.85 16.98 3.31 
5653.87 5703.59 49.72 3.34 
5653.87 5727.05 73.18 3.31 
5653.87 5737.07 83.2 3.33 
5653.87 5853.69 199.82 3.79 
5661.35 5866.45 205.1 3.21 
5661.35 5670.85 9.5 3.2 
5661.35 5703.59 42.24 3.23 
5661.35 5727.05 65.7 3.2 
5661.35 5737.07 75.72 3.22 
5661.35 5853.69 192.34 3.68 
5662.52 5866.45 203.93 3.11 
5662.52 5670.85 8.33 3.1 
5662.52 5703.59 41.07 3.13 
5662.52 5727.05 64.53 3.1 
5662.52 5737.07 74.55 3.12 
5662.52 5853.69 191.17 3.58 
5667.52 5866.45 198.93 3.11 
5667.52 5670.85 3.33 3.1 
5667.52 5703.59 36.07 3.13 
5667.52 5727.05 59.53 3.1 
5667.52 5737.07 69.55 3.12 
5667.52 5853.69 186.17 3.58 
5679.03 5853.15 174.12 3.16 
5679.03 5671.82 7.21 3.2 
5679.03 5657.88 21.15 3.14 
5679.03 5667.14 11.89 3.15 
5679.03 5684.19 5.16 3.14 
5679.03 5490.16 188.87 3.19 
5679.03 5866.45 187.42 3.58 
5679.03 5670.85 8.18 3.57 
5679.03 5703.59 24.56 3.6 
5679.03 5727.05 48.02 3.57 
5679.03 5737.07 58.04 3.59 
5679.03 5853.69 174.66 4.05 
5680.24 5866.45 186.21 3.12 
5680.24 5670.85 9.39 3.11 
5680.24 5703.59 23.35 3.14 
5680.24 5727.05 46.81 3.11 
5680.24 5737.07 56.83 3.13 
5680.24 5853.69 173.45 3.59 
5701.55 5753.64 52.09 3.06 
5715.09 5866.45 151.36 3.21 
5715.09 5670.85 44.24 3.2 
5715.09 5703.59 11.5 3.23 
5715.09 5727.05 11.96 3.2 
5715.09 5737.07 21.98 3.22 
5715.09 5853.69 138.6 3.68 
5720.9 5853.15 132.25 3.06 
5720.9 5671.82 49.08 3.1 
5720.9 5657.88 63.02 3.04 
5720.9 5667.14 53.76 3.05 
5720.9 5684.19 36.71 3.04 
5720.9 5866.45 145.55 3.48 
5720.9 5670.85 50.05 3.47 
5720.9 5703.59 17.31 3.5 
5720.9 5727.05 6.15 3.47 
5720.9 5737.07 16.17 3.49 
5720.9 5853.69 132.79 3.95 
5731.77 5866.45 134.68 3.19 
5731.77 5670.85 60.92 3.18 
5731.77 5703.59 28.18 3.21 
5731.77 5727.05 4.72 3.18 
5731.77 5737.07 5.3 3.2 
5731.77 5853.69 121.92 3.66 
5738.24 5866.45 128.21 3.15 
5738.24 5670.85 67.39 3.14 
5738.24 5703.59 34.65 3.17 
5738.24 5727.05 11.19 3.14 
5738.24 5737.07 1.17 3.16 
5738.24 5853.69 115.45 3.62 
5741.85 5866.45 124.6 3.19 
5741.85 5670.85 71.0 3.18 
5741.85 5703.59 38.26 3.21 
5741.85 5727.05 14.8 3.18 
5741.85 5737.07 4.78 3.2 
5741.85 5853.69 111.84 3.66 
5752.04 5853.15 101.11 3.06 
5752.04 5956.7 204.66 3.69 
5752.04 5671.82 80.22 3.1 
5752.04 5657.88 94.16 3.04 
5752.04 5667.14 84.9 3.05 
5752.04 5684.19 67.85 3.04 
5752.04 5866.45 114.41 3.48 
5752.04 5670.85 81.19 3.47 
5752.04 5703.59 48.45 3.5 
5752.04 5727.05 24.99 3.47 
5752.04 5737.07 14.97 3.49 
5752.04 5853.69 101.65 3.95 
5775.08 5956.7 181.62 3.36 
5775.08 5866.45 91.37 3.15 
5775.08 5670.85 104.23 3.14 
5775.08 5703.59 71.49 3.17 
5775.08 5727.05 48.03 3.14 
5775.08 5737.07 38.01 3.16 
5775.08 5853.69 78.61 3.62 
5778.46 5956.7 178.24 3.29 
5778.46 5866.45 87.99 3.08 
5778.46 5670.85 107.61 3.07 
5778.46 5703.59 74.87 3.1 
5778.46 5727.05 51.41 3.07 
5778.46 5737.07 41.39 3.09 
5778.46 5853.69 75.23 3.55 
5793.92 5956.7 162.78 3.36 
5793.92 5866.45 72.53 3.15 
5793.92 5670.85 123.07 3.14 
5793.92 5703.59 90.33 3.17 
5793.92 5727.05 66.87 3.14 
5793.92 5737.07 56.85 3.16 
5793.92 5853.69 59.77 3.62 
5806.73 5853.15 46.42 3.12 
5806.73 5956.7 149.97 3.75 
5806.73 5671.82 134.91 3.16 
5806.73 5657.88 148.85 3.1 
5806.73 5667.14 139.59 3.11 
5806.73 5684.19 122.54 3.1 
5806.73 5866.45 59.72 3.54 
5806.73 5670.85 135.88 3.53 
5806.73 5703.59 103.14 3.56 
5806.73 5727.05 79.68 3.53 
5806.73 5737.07 69.66 3.55 
5806.73 5853.69 46.96 4.01 
5809.22 5956.7 147.48 3.02 
5809.22 5853.69 44.47 3.28 
5811.92 5956.7 144.78 3.28 
5811.92 5866.45 54.53 3.07 
5811.92 5670.85 141.07 3.06 
5811.92 5703.59 108.33 3.09 
5811.92 5727.05 84.87 3.06 
5811.92 5737.07 74.85 3.08 
5811.92 5853.69 41.77 3.54 
5814.81 5956.7 141.89 3.42 
5814.81 5866.45 51.64 3.21 
5814.81 5670.85 143.96 3.2 
5814.81 5703.59 111.22 3.23 
5814.81 5727.05 87.76 3.2 
5814.81 5737.07 77.74 3.22 
5814.81 5853.69 38.88 3.68 
5815.22 5956.7 141.48 3.29 
5815.22 5866.45 51.23 3.08 
5815.22 5670.85 144.37 3.07 
5815.22 5703.59 111.63 3.1 
5815.22 5727.05 88.17 3.07 
5815.22 5737.07 78.15 3.09 
5815.22 5853.69 38.47 3.55 
5852.22 5853.15 0.93 3.06 
5852.22 5956.7 104.48 3.69 
5852.22 6052.67 200.45 3.32 
5852.22 5671.82 180.4 3.1 
5852.22 5657.88 194.34 3.04 
5852.22 5667.14 185.08 3.05 
5852.22 5684.19 168.03 3.04 
5852.22 5866.45 14.23 3.48 
5852.22 5670.85 181.37 3.47 
5852.22 5703.59 148.63 3.5 
5852.22 5727.05 125.17 3.47 
5852.22 5737.07 115.15 3.49 
5852.22 6039.73 187.51 3.49 
5852.22 5853.69 1.47 3.95 
5853.15 5862.36 9.21 3.06 
5853.15 5902.48 49.33 3.1 
5853.15 5905.68 52.53 3.16 
5853.15 5927.79 74.64 3.16 
5853.15 5929.68 76.53 3.06 
5853.15 5930.19 77.04 3.16 
5853.15 5983.69 130.54 3.06 
5853.15 5984.82 131.67 3.24 
5853.15 5987.07 133.92 3.3 
5853.15 6024.06 170.91 3.06 
5853.15 5645.61 207.54 3.44 
5853.15 5684.49 168.66 3.46 
5853.15 5690.43 162.72 3.44 
5853.15 5701.11 152.04 3.44 
5853.15 5753.64 99.51 4.13 
5853.15 5772.15 81.0 3.59 
5853.15 5797.87 55.28 3.46 
5853.15 5948.54 95.39 3.59 
5853.15 6052.67 199.52 6.38 
5856.09 5956.7 100.61 3.43 
5856.09 6052.67 196.58 3.58 
5856.09 5866.45 10.36 3.22 
5856.09 6064.63 208.54 3.24 
5856.09 5670.85 185.24 3.21 
5856.09 5703.59 152.5 3.24 
5856.09 5727.05 129.04 3.21 
5856.09 5737.07 119.02 3.23 
5856.09 6039.73 183.64 3.23 
5856.09 5853.69 2.4 3.69 
5862.36 5956.7 94.34 3.69 
5862.36 6052.67 190.31 3.32 
5862.36 5671.82 190.54 3.1 
5862.36 5657.88 204.48 3.04 
5862.36 5667.14 195.22 3.05 
5862.36 5684.19 178.17 3.04 
5862.36 5866.45 4.09 3.48 
5862.36 6064.63 202.27 3.5 
5862.36 5670.85 191.51 3.47 
5862.36 5703.59 158.77 3.5 
5862.36 5727.05 135.31 3.47 
5862.36 5737.07 125.29 3.49 
5862.36 6039.73 177.37 3.49 
5862.36 5853.69 8.67 3.95 
5902.48 5956.7 54.22 3.73 
5902.48 6052.67 150.19 3.28 
5902.48 5866.45 36.03 3.52 
5902.48 6064.63 162.15 3.54 
5902.48 5703.59 198.89 3.54 
5902.48 5727.05 175.43 3.51 
5902.48 5737.07 165.41 3.53 
5902.48 6039.73 137.25 3.53 
5902.48 6081.45 178.97 3.54 
5902.48 6090.21 187.73 3.51 
5902.48 6111.65 209.17 3.55 
5902.48 5853.69 48.79 3.99 
5905.68 5956.7 51.02 3.79 
5905.68 6052.67 146.99 3.22 
5905.68 5866.45 39.23 3.58 
5905.68 6064.63 158.95 3.6 
5905.68 5703.59 202.09 3.6 
5905.68 5727.05 178.63 3.57 
5905.68 5737.07 168.61 3.59 
5905.68 6039.73 134.05 3.59 
5905.68 6081.45 175.77 3.6 
5905.68 6090.21 184.53 3.57 
5905.68 6111.65 205.97 3.61 
5905.68 5853.69 51.99 4.05 
5916.26 5753.64 162.62 3.17 
5916.26 6125.02 208.76 3.16 
5916.26 6052.67 136.41 5.42 
5927.79 5956.7 28.91 3.79 
5927.79 6120.25 192.46 3.73 
5927.79 6052.67 124.88 3.22 
5927.79 5866.45 61.34 3.58 
5927.79 6064.63 136.84 3.6 
5927.79 6126.22 198.43 3.58 
5927.79 5727.05 200.74 3.57 
5927.79 5737.07 190.72 3.59 
5927.79 6039.73 111.94 3.59 
5927.79 6081.45 153.66 3.6 
5927.79 6090.21 162.42 3.57 
5927.79 6111.65 183.86 3.61 
5927.79 6135.36 207.57 3.6 
5927.79 5853.69 74.1 4.05 
5929.68 5956.7 27.02 3.69 
5929.68 6120.25 190.57 3.63 
5929.68 6052.67 122.99 3.32 
5929.68 5866.45 63.23 3.48 
5929.68 6064.63 134.95 3.5 
5929.68 6126.22 196.54 3.48 
5929.68 5727.05 202.63 3.47 
5929.68 5737.07 192.61 3.49 
5929.68 6039.73 110.05 3.49 
5929.68 6081.45 151.77 3.5 
5929.68 6090.21 160.53 3.47 
5929.68 6111.65 181.97 3.51 
5929.68 6135.36 205.68 3.5 
5929.68 5853.69 75.99 3.95 
5930.19 5956.7 26.51 3.79 
5930.19 6120.25 190.06 3.73 
5930.19 6052.67 122.48 3.22 
5930.19 5866.45 63.74 3.58 
5930.19 6064.63 134.44 3.6 
5930.19 6126.22 196.03 3.58 
5930.19 5727.05 203.14 3.57 
5930.19 5737.07 193.12 3.59 
5930.19 6039.73 109.54 3.59 
5930.19 6081.45 151.26 3.6 
5930.19 6090.21 160.02 3.57 
5930.19 6111.65 181.46 3.61 
5930.19 6135.36 205.17 3.6 
5930.19 5853.69 76.5 4.05 
5934.66 5956.7 22.04 3.07 
5934.66 6120.25 185.59 3.01 
5934.66 6052.67 118.01 3.94 
5934.66 5853.69 80.97 3.33 
5934.66 6141.73 207.07 3.23 
5956.7 5983.69 26.99 3.69 
5956.7 5984.82 28.12 3.87 
5956.7 5987.07 30.37 3.93 
5956.7 6024.06 67.36 3.69 
5956.7 6027.06 70.36 3.22 
5956.7 6034.04 77.34 3.45 
5956.7 6035.34 78.64 3.43 
5956.7 6054.08 97.38 3.51 
5956.7 6078.49 121.79 3.93 
5956.7 6079.01 122.31 3.79 
5956.7 6089.57 132.87 3.72 
5956.7 6094.38 137.68 3.79 
5956.7 6096.67 139.97 3.12 
5956.7 6098.25 141.55 3.7 
5956.7 6127.91 171.21 3.28 
5956.7 6157.73 201.03 3.22 
5956.7 6159.38 202.68 3.75 
5956.7 6165.36 208.66 3.28 
5956.7 6149.25 192.55 3.03 
5956.7 6158.17 201.47 9.88 
5956.7 5753.64 203.06 4.76 
5956.7 5772.15 184.55 4.22 
5956.7 5797.87 158.83 4.09 
5956.7 5948.54 8.16 4.22 
5956.7 6125.02 168.32 4.75 
5956.7 6142.49 185.79 4.76 
5956.7 6145.02 188.32 4.76 
5956.7 6052.67 95.97 7.01 
5956.7 5805.22 151.48 3.31 
5956.7 5996.73 40.03 3.38 
5956.7 6086.29 129.59 3.41 
5956.7 6111.08 154.38 3.23 
5956.7 6119.76 163.06 3.41 
5956.7 6130.14 173.44 3.41 
5983.69 6120.25 136.56 3.63 
5983.69 6158.17 174.48 6.19 
5983.69 6052.67 68.98 3.32 
5983.69 5866.45 117.24 3.48 
5983.69 6064.63 80.94 3.5 
5983.69 6126.22 142.53 3.48 
5983.69 6039.73 56.04 3.49 
5983.69 6081.45 97.76 3.5 
5983.69 6090.21 106.52 3.47 
5983.69 6111.65 127.96 3.51 
5983.69 6135.36 151.67 3.5 
5983.69 5853.69 130.0 3.95 
5983.69 6141.73 158.04 3.85 
5984.82 6120.25 135.43 3.81 
5984.82 6158.17 173.35 6.01 
5984.82 6052.67 67.85 3.14 
5984.82 5866.45 118.37 3.66 
5984.82 6064.63 79.81 3.68 
5984.82 6126.22 141.4 3.66 
5984.82 6039.73 54.91 3.67 
5984.82 6081.45 96.63 3.68 
5984.82 6090.21 105.39 3.65 
5984.82 6111.65 126.83 3.69 
5984.82 6135.36 150.54 3.68 
5984.82 5847.0 137.82 3.05 
5984.82 6007.31 22.49 3.05 
5984.82 6108.12 123.3 3.05 
5984.82 6128.98 144.16 3.05 
5984.82 5853.69 131.13 4.13 
5984.82 6141.73 156.91 4.03 
5987.07 6120.25 133.18 3.87 
5987.07 6158.17 171.1 5.95 
5987.07 6052.67 65.6 3.08 
5987.07 5866.45 120.62 3.72 
5987.07 6064.63 77.56 3.74 
5987.07 6126.22 139.15 3.72 
5987.07 6039.73 52.66 3.73 
5987.07 6081.45 94.38 3.74 
5987.07 6090.21 103.14 3.71 
5987.07 6111.65 124.58 3.75 
5987.07 6135.36 148.29 3.74 
5987.07 5847.0 140.07 3.11 
5987.07 6007.31 20.24 3.11 
5987.07 6108.12 121.05 3.11 
5987.07 6128.98 141.91 3.11 
5987.07 5853.69 133.38 4.19 
5987.07 6141.73 154.66 4.09 
6005.55 6158.17 152.62 8.15 
6005.55 6125.02 119.47 3.02 
6005.55 6142.49 136.94 3.03 
6005.55 6145.02 139.47 3.03 
6005.55 6195.46 189.91 3.28 
6005.55 6052.67 47.12 5.28 
6024.06 6120.25 96.19 3.63 
6024.06 6158.17 134.11 6.19 
6024.06 6052.67 28.61 3.32 
6024.06 5866.45 157.61 3.48 
6024.06 6064.63 40.57 3.5 
6024.06 6126.22 102.16 3.48 
6024.06 6039.73 15.67 3.49 
6024.06 6081.45 57.39 3.5 
6024.06 6090.21 66.15 3.47 
6024.06 6111.65 87.59 3.51 
6024.06 6135.36 111.3 3.5 
6024.06 6216.35 192.29 4.27 
6024.06 6224.51 200.45 4.26 
6024.06 5853.69 170.37 3.95 
6024.06 6141.73 117.67 3.85 
6027.06 6120.25 93.19 3.16 
6027.06 6158.17 131.11 6.66 
6027.06 6052.67 25.61 3.79 
6027.06 5866.45 160.61 3.01 
6027.06 6064.63 37.57 3.03 
6027.06 6126.22 99.16 3.01 
6027.06 6039.73 12.67 3.02 
6027.06 6081.45 54.39 3.03 
6027.06 6090.21 63.15 3.0 
6027.06 6111.65 84.59 3.04 
6027.06 6135.36 108.3 3.03 
6027.06 6216.35 189.29 3.8 
6027.06 6224.51 197.45 3.79 
6027.06 5853.69 173.37 3.48 
6027.06 6141.73 114.67 3.38 
6034.04 6120.25 86.21 3.39 
6034.04 6158.17 124.13 6.43 
6034.04 6052.67 18.63 3.56 
6034.04 5866.45 167.59 3.24 
6034.04 6064.63 30.59 3.26 
6034.04 6126.22 92.18 3.24 
6034.04 6039.73 5.69 3.25 
6034.04 6081.45 47.41 3.26 
6034.04 6090.21 56.17 3.23 
6034.04 6111.65 77.61 3.27 
6034.04 6135.36 101.32 3.26 
6034.04 6216.35 182.31 4.03 
6034.04 6224.51 190.47 4.02 
6034.04 5853.69 180.35 3.71 
6034.04 6141.73 107.69 3.61 
6035.34 6120.25 84.91 3.37 
6035.34 6158.17 122.83 6.45 
6035.34 6052.67 17.33 3.58 
6035.34 5866.45 168.89 3.22 
6035.34 6064.63 29.29 3.24 
6035.34 6126.22 90.88 3.22 
6035.34 6039.73 4.39 3.23 
6035.34 6081.45 46.11 3.24 
6035.34 6090.21 54.87 3.21 
6035.34 6111.65 76.31 3.25 
6035.34 6135.36 100.02 3.24 
6035.34 6216.35 181.01 4.01 
6035.34 6224.51 189.17 4.0 
6035.34 5853.69 181.65 3.69 
6035.34 6141.73 106.39 3.59 
6054.08 6120.25 66.17 3.45 
6054.08 6158.17 104.09 6.37 
6054.08 6052.67 1.41 3.5 
6054.08 5866.45 187.63 3.3 
6054.08 6064.63 10.55 3.32 
6054.08 6126.22 72.14 3.3 
6054.08 6039.73 14.35 3.31 
6054.08 6081.45 27.37 3.32 
6054.08 6090.21 36.13 3.29 
6054.08 6111.65 57.57 3.33 
6054.08 6135.36 81.28 3.32 
6054.08 6216.35 162.27 4.09 
6054.08 6224.51 170.43 4.08 
6054.08 6251.83 197.75 4.08 
6054.08 5853.69 200.39 3.77 
6054.08 6141.73 87.65 3.67 
6065.49 6158.17 92.68 8.13 
6065.49 6125.02 59.53 3.0 
6065.49 6142.49 77.0 3.01 
6065.49 6145.02 79.53 3.01 
6065.49 6195.46 129.97 3.26 
6065.49 6237.33 171.84 3.0 
6065.49 6243.82 178.33 3.01 
6065.49 6244.48 178.99 3.01 
6065.49 6052.67 12.82 5.26 
6078.49 6120.25 41.76 3.87 
6078.49 6158.17 79.68 5.95 
6078.49 6052.67 25.82 3.08 
6078.49 6245.62 167.13 3.28 
6078.49 6064.63 13.86 3.74 
6078.49 6126.22 47.73 3.72 
6078.49 6258.11 179.62 3.35 
6078.49 6261.1 182.61 3.36 
6078.49 6039.73 38.76 3.73 
6078.49 6081.45 2.96 3.74 
6078.49 6090.21 11.72 3.71 
6078.49 6111.65 33.16 3.75 
6078.49 6135.36 56.87 3.74 
6078.49 6216.35 137.86 4.51 
6078.49 6224.51 146.02 4.5 
6078.49 6251.83 173.34 4.5 
6078.49 6274.66 196.17 4.52 
6078.49 6285.17 206.68 4.51 
6078.49 6007.31 71.18 3.11 
6078.49 6108.12 29.63 3.11 
6078.49 6128.98 50.49 3.11 
6078.49 6141.73 63.24 4.09 
6079.01 6120.25 41.24 3.73 
6079.01 6158.17 79.16 6.09 
6079.01 6052.67 26.34 3.22 
6079.01 6245.62 166.61 3.14 
6079.01 6064.63 14.38 3.6 
6079.01 6126.22 47.21 3.58 
6079.01 6258.11 179.1 3.21 
6079.01 6261.1 182.09 3.22 
6079.01 6039.73 39.28 3.59 
6079.01 6081.45 2.44 3.6 
6079.01 6090.21 11.2 3.57 
6079.01 6111.65 32.64 3.61 
6079.01 6135.36 56.35 3.6 
6079.01 6216.35 137.34 4.37 
6079.01 6224.51 145.5 4.36 
6079.01 6251.83 172.82 4.36 
6079.01 6274.66 195.65 4.38 
6079.01 6285.17 206.16 4.37 
6079.01 6141.73 62.72 3.95 
6082.72 6158.17 75.45 8.52 
6082.72 6125.02 42.3 3.39 
6082.72 6142.49 59.77 3.4 
6082.72 6145.02 62.3 3.4 
6082.72 6195.46 112.74 3.65 
6082.72 6237.33 154.61 3.39 
6082.72 6243.82 161.1 3.4 
6082.72 6244.48 161.76 3.4 
6082.72 6052.67 30.05 5.65 
6089.57 6120.25 30.68 3.66 
6089.57 6158.17 68.6 6.16 
6089.57 6052.67 36.9 3.29 
6089.57 6245.62 156.05 3.07 
6089.57 6064.63 24.94 3.53 
6089.57 6126.22 36.65 3.51 
6089.57 6258.11 168.54 3.14 
6089.57 6261.1 171.53 3.15 
6089.57 6039.73 49.84 3.52 
6089.57 6081.45 8.12 3.53 
6089.57 6090.21 0.64 3.5 
6089.57 6111.65 22.08 3.54 
6089.57 6135.36 45.79 3.53 
6089.57 6216.35 126.78 4.3 
6089.57 6224.51 134.94 4.29 
6089.57 6251.83 162.26 4.29 
6089.57 6274.66 185.09 4.31 
6089.57 6285.17 195.6 4.3 
6089.57 6141.73 52.16 3.88 
6094.38 6120.25 25.87 3.73 
6094.38 6158.17 63.79 6.09 
6094.38 6300.3 205.92 4.65 
6094.38 6052.67 41.71 3.22 
6094.38 6245.62 151.24 3.14 
6094.38 6064.63 29.75 3.6 
6094.38 6126.22 31.84 3.58 
6094.38 6258.11 163.73 3.21 
6094.38 6261.1 166.72 3.22 
6094.38 6039.73 54.65 3.59 
6094.38 6081.45 12.93 3.6 
6094.38 6090.21 4.17 3.57 
6094.38 6111.65 17.27 3.61 
6094.38 6135.36 40.98 3.6 
6094.38 6216.35 121.97 4.37 
6094.38 6224.51 130.13 4.36 
6094.38 6251.83 157.45 4.36 
6094.38 6274.66 180.28 4.38 
6094.38 6285.17 190.79 4.37 
6094.38 6141.73 47.35 3.95 
6096.67 6120.25 23.58 3.06 
6096.67 6158.17 61.5 6.76 
6096.67 6300.3 203.63 3.98 
6096.67 6052.67 44.0 3.89 
6096.67 6216.35 119.68 3.7 
6096.67 6224.51 127.84 3.69 
6096.67 6251.83 155.16 3.69 
6096.67 6274.66 177.99 3.71 
6096.67 6285.17 188.5 3.7 
6096.67 6141.73 45.06 3.28 
6098.25 6120.25 22.0 3.64 
6098.25 6158.17 59.92 6.18 
6098.25 6300.3 202.05 4.56 
6098.25 6052.67 45.58 3.31 
6098.25 6245.62 147.37 3.05 
6098.25 6064.63 33.62 3.51 
6098.25 6126.22 27.97 3.49 
6098.25 6258.11 159.86 3.12 
6098.25 6261.1 162.85 3.13 
6098.25 6039.73 58.52 3.5 
6098.25 6081.45 16.8 3.51 
6098.25 6090.21 8.04 3.48 
6098.25 6111.65 13.4 3.52 
6098.25 6135.36 37.11 3.51 
6098.25 6216.35 118.1 4.28 
6098.25 6224.51 126.26 4.27 
6098.25 6251.83 153.58 4.27 
6098.25 6274.66 176.41 4.29 
6098.25 6285.17 186.92 4.28 
6098.25 6141.73 43.48 3.86 
6120.25 6127.91 7.66 3.22 
6120.25 6157.73 37.48 3.16 
6120.25 6159.38 39.13 3.69 
6120.25 6165.36 45.11 3.22 
6120.25 6187.99 67.74 3.02 
6120.25 6290.98 170.73 3.81 
6120.25 6303.46 183.21 3.4 
6120.25 6315.81 195.56 3.16 
6120.25 6158.17 37.92 9.82 
6120.25 6319.24 198.99 4.19 
6120.25 6318.72 198.47 4.19 
6120.25 5948.54 171.71 4.16 
6120.25 6125.02 4.77 4.69 
6120.25 6142.49 22.24 4.7 
6120.25 6145.02 24.77 4.7 
6120.25 6195.46 75.21 4.95 
6120.25 6237.33 117.08 4.69 
6120.25 6243.82 123.57 4.7 
6120.25 6244.48 124.23 4.7 
6120.25 6052.67 67.58 6.95 
6120.25 5996.73 123.52 3.32 
6120.25 6086.29 33.96 3.35 
6120.25 6111.08 9.17 3.17 
6120.25 6119.76 0.49 3.35 
6120.25 6130.14 9.89 3.35 
6120.25 6175.37 55.12 3.17 
6120.25 6176.82 56.57 3.17 
6120.25 6186.72 66.47 3.19 
6120.25 6204.61 84.36 3.17 
6120.25 6223.99 103.74 3.19 
6120.25 6230.1 109.85 3.19 
6120.25 6322.17 201.92 3.23 
6127.91 6158.17 30.26 6.6 
6127.91 6300.3 172.39 4.14 
6127.91 6052.67 75.24 3.73 
6127.91 6064.63 63.28 3.09 
6127.91 6126.22 1.69 3.07 
6127.91 6039.73 88.18 3.08 
6127.91 6081.45 46.46 3.09 
6127.91 6090.21 37.7 3.06 
6127.91 6111.65 16.26 3.1 
6127.91 6135.36 7.45 3.09 
6127.91 6216.35 88.44 3.86 
6127.91 6224.51 96.6 3.85 
6127.91 6251.83 123.92 3.85 
6127.91 6274.66 146.75 3.87 
6127.91 6285.17 157.26 3.86 
6127.91 6330.13 202.22 3.2 
6127.91 6141.73 13.82 3.44 
6151.62 6158.17 6.55 8.56 
6151.62 6125.02 26.6 3.43 
6151.62 6142.49 9.13 3.44 
6151.62 6145.02 6.6 3.44 
6151.62 6195.46 43.84 3.69 
6151.62 6237.33 85.71 3.43 
6151.62 6243.82 92.2 3.44 
6151.62 6244.48 92.86 3.44 
6151.62 6052.67 98.95 5.69 
6157.73 6358.68 200.95 3.22 
6157.73 6158.17 0.44 6.66 
6157.73 6300.3 142.57 4.08 
6157.73 6052.67 105.06 3.79 
6157.73 6064.63 93.1 3.03 
6157.73 6126.22 31.51 3.01 
6157.73 6039.73 118.0 3.02 
6157.73 6081.45 76.28 3.03 
6157.73 6090.21 67.52 3.0 
6157.73 6111.65 46.08 3.04 
6157.73 6135.36 22.37 3.03 
6157.73 6216.35 58.62 3.8 
6157.73 6224.51 66.78 3.79 
6157.73 6251.83 94.1 3.79 
6157.73 6274.66 116.93 3.81 
6157.73 6285.17 127.44 3.8 
6157.73 6330.13 172.4 3.14 
6157.73 6141.73 16.0 3.38 
6159.38 6358.68 199.3 3.75 
6159.38 6158.17 1.21 6.13 
6159.38 6300.3 140.92 4.61 
6159.38 6052.67 106.71 3.26 
6159.38 6245.62 86.24 3.1 
6159.38 6320.84 161.46 3.11 
6159.38 6064.63 94.75 3.56 
6159.38 6126.22 33.16 3.54 
6159.38 6258.11 98.73 3.17 
6159.38 6261.1 101.72 3.18 
6159.38 6039.73 119.65 3.55 
6159.38 6081.45 77.93 3.56 
6159.38 6090.21 69.17 3.53 
6159.38 6111.65 47.73 3.57 
6159.38 6135.36 24.02 3.56 
6159.38 6216.35 56.97 4.33 
6159.38 6224.51 65.13 4.32 
6159.38 6251.83 92.45 4.32 
6159.38 6274.66 115.28 4.34 
6159.38 6285.17 125.79 4.33 
6159.38 6330.13 170.75 3.67 
6159.38 6141.73 17.65 3.91 
6165.36 6358.68 193.32 3.28 
6165.36 6158.17 7.19 6.6 
6165.36 6300.3 134.94 4.14 
6165.36 6052.67 112.69 3.73 
6165.36 6064.63 100.73 3.09 
6165.36 6126.22 39.14 3.07 
6165.36 6039.73 125.63 3.08 
6165.36 6081.45 83.91 3.09 
6165.36 6090.21 75.15 3.06 
6165.36 6111.65 53.71 3.1 
6165.36 6135.36 30.0 3.09 
6165.36 6216.35 50.99 3.86 
6165.36 6224.51 59.15 3.85 
6165.36 6251.83 86.47 3.85 
6165.36 6274.66 109.3 3.87 
6165.36 6285.17 119.81 3.86 
6165.36 6330.13 164.77 3.2 
6165.36 6141.73 23.63 3.44 
6173.34 6158.17 15.17 8.52 
6173.34 6125.02 48.32 3.39 
6173.34 6142.49 30.85 3.4 
6173.34 6145.02 28.32 3.4 
6173.34 6195.46 22.12 3.65 
6173.34 6237.33 63.99 3.39 
6173.34 6243.82 70.48 3.4 
6173.34 6244.48 71.14 3.4 
6173.34 6052.67 120.67 5.65 
6173.34 6362.35 189.01 3.57 
6180.21 6158.17 22.04 8.01 
6180.21 6195.46 15.25 3.14 
6180.21 6052.67 127.54 5.14 
6180.21 6362.35 182.14 3.06 
6187.99 6358.68 170.69 3.08 
6187.99 6158.17 29.82 6.8 
6187.99 6300.3 112.31 3.94 
6187.99 6052.67 135.32 3.93 
6187.99 6216.35 28.36 3.66 
6187.99 6224.51 36.52 3.65 
6187.99 6251.83 63.84 3.65 
6187.99 6274.66 86.67 3.67 
6187.99 6285.17 97.18 3.66 
6187.99 6330.13 142.14 3.0 
6187.99 6141.73 46.26 3.24 
6213.44 6158.17 55.27 8.52 
6213.44 6125.02 88.42 3.39 
6213.44 6142.49 70.95 3.4 
6213.44 6145.02 68.42 3.4 
6213.44 6195.46 17.98 3.65 
6213.44 6237.33 23.89 3.39 
6213.44 6243.82 30.38 3.4 
6213.44 6244.48 31.04 3.4 
6213.44 6414.99 201.55 3.65 
6213.44 6052.67 160.77 5.65 
6213.44 6362.35 148.91 3.57 
6219.29 6158.17 61.12 8.54 
6219.29 6125.02 94.27 3.41 
6219.29 6142.49 76.8 3.42 
6219.29 6145.02 74.27 3.42 
6219.29 6195.46 23.83 3.67 
6219.29 6237.33 18.04 3.41 
6219.29 6243.82 24.53 3.42 
6219.29 6244.48 25.19 3.42 
6219.29 6414.99 195.7 3.67 
6219.29 6052.67 166.62 5.67 
6219.29 6362.35 143.06 3.59 
6220.79 6358.68 137.89 3.02 
6220.79 6158.17 62.62 6.86 
6220.79 6300.3 79.51 3.88 
6220.79 6052.67 168.12 3.99 
6220.79 6216.35 4.44 3.6 
6220.79 6224.51 3.72 3.59 
6220.79 6251.83 31.04 3.59 
6220.79 6274.66 53.87 3.61 
6220.79 6285.17 64.38 3.6 
6220.79 6141.73 79.06 3.18 
6226.74 6358.68 131.94 3.02 
6226.74 6158.17 68.57 6.86 
6226.74 6300.3 73.56 3.88 
6226.74 6052.67 174.07 3.99 
6226.74 6216.35 10.39 3.6 
6226.74 6224.51 2.23 3.59 
6226.74 6251.83 25.09 3.59 
6226.74 6274.66 47.92 3.61 
6226.74 6285.17 58.43 3.6 
6226.74 6141.73 85.01 3.18 
6229.24 6158.17 71.07 7.89 
6229.24 6195.46 33.78 3.02 
6229.24 6414.99 185.75 3.02 
6229.24 6052.67 176.57 5.02 
6232.65 6158.17 74.48 7.09 
6232.65 6300.3 67.65 3.65 
6232.65 6052.67 179.98 4.22 
6232.65 6216.35 16.3 3.37 
6232.65 6224.51 8.14 3.36 
6232.65 6251.83 19.18 3.36 
6232.65 6274.66 42.01 3.38 
6232.65 6285.17 52.52 3.37 
6240.65 6442.97 202.32 3.33 
6240.65 6158.17 82.48 8.52 
6240.65 6125.02 115.63 3.39 
6240.65 6142.49 98.16 3.4 
6240.65 6145.02 95.63 3.4 
6240.65 6195.46 45.19 3.65 
6240.65 6237.33 3.32 3.39 
6240.65 6243.82 3.17 3.4 
6240.65 6244.48 3.83 3.4 
6240.65 6414.99 174.34 3.65 
6240.65 6052.67 187.98 5.65 
6240.65 6362.35 121.7 3.57 
6265.14 6442.97 177.83 3.37 
6265.14 6158.17 106.97 8.56 
6265.14 6125.02 140.12 3.43 
6265.14 6142.49 122.65 3.44 
6265.14 6145.02 120.12 3.44 
6265.14 6195.46 69.68 3.69 
6265.14 6237.33 27.81 3.43 
6265.14 6243.82 21.32 3.44 
6265.14 6244.48 20.66 3.44 
6265.14 6414.99 149.85 3.69 
6265.14 6362.35 97.21 3.61 
6270.23 6158.17 112.06 7.88 
6270.23 6195.46 74.77 3.01 
6270.23 6414.99 144.76 3.01 
6290.98 6358.68 67.7 3.87 
6290.98 6498.94 207.96 3.77 
6290.98 6158.17 132.81 6.01 
6290.98 6300.3 9.32 4.73 
6290.98 6245.62 45.36 3.22 
6290.98 6320.84 29.86 3.23 
6290.98 6126.22 164.76 3.66 
6290.98 6258.11 32.87 3.29 
6290.98 6261.1 29.88 3.3 
6290.98 6081.45 209.53 3.68 
6290.98 6090.21 200.77 3.65 
6290.98 6111.65 179.33 3.69 
6290.98 6135.36 155.62 3.68 
6290.98 6216.35 74.63 4.45 
6290.98 6224.51 66.47 4.44 
6290.98 6251.83 39.15 4.44 
6290.98 6274.66 16.32 4.46 
6290.98 6285.17 5.81 4.45 
6290.98 6330.13 39.15 3.79 
6290.98 6108.12 182.86 3.05 
6290.98 6128.98 162.0 3.05 
6290.98 6327.6 36.62 3.05 
6290.98 6141.73 149.25 4.03 
6290.98 6496.91 205.93 4.13 
6297.8 6442.97 145.17 3.33 
6297.8 6158.17 139.63 8.52 
6297.8 6125.02 172.78 3.39 
6297.8 6142.49 155.31 3.4 
6297.8 6145.02 152.78 3.4 
6297.8 6195.46 102.34 3.65 
6297.8 6237.33 60.47 3.39 
6297.8 6243.82 53.98 3.4 
6297.8 6244.48 53.32 3.4 
6297.8 6414.99 117.19 3.65 
6297.8 6362.35 64.55 3.57 
6303.46 6358.68 55.22 3.46 
6303.46 6498.94 195.48 3.36 
6303.46 6158.17 145.29 6.42 
6303.46 6300.3 3.16 4.32 
6303.46 6126.22 177.24 3.25 
6303.46 6111.65 191.81 3.28 
6303.46 6135.36 168.1 3.27 
6303.46 6216.35 87.11 4.04 
6303.46 6224.51 78.95 4.03 
6303.46 6251.83 51.63 4.03 
6303.46 6274.66 28.8 4.05 
6303.46 6285.17 18.29 4.04 
6303.46 6330.13 26.67 3.38 
6303.46 6141.73 161.73 3.62 
6303.46 6496.91 193.45 3.72 
6315.81 6358.68 42.87 3.22 
6315.81 6498.94 183.13 3.12 
6315.81 6158.17 157.64 6.66 
6315.81 6300.3 15.51 4.08 
6315.81 6126.22 189.59 3.01 
6315.81 6111.65 204.16 3.04 
6315.81 6135.36 180.45 3.03 
6315.81 6216.35 99.46 3.8 
6315.81 6224.51 91.3 3.79 
6315.81 6251.83 63.98 3.79 
6315.81 6274.66 41.15 3.81 
6315.81 6285.17 30.64 3.8 
6315.81 6330.13 14.32 3.14 
6315.81 6141.73 174.08 3.38 
6315.81 6496.91 181.1 3.48 
6322.69 6158.17 164.52 8.15 
6322.69 6125.02 197.67 3.02 
6322.69 6142.49 180.2 3.03 
6322.69 6145.02 177.67 3.03 
6322.69 6195.46 127.23 3.28 
6322.69 6237.33 85.36 3.02 
6322.69 6243.82 78.87 3.03 
6322.69 6244.48 78.21 3.03 
6322.69 6414.99 92.3 3.28 
6322.69 6527.21 204.52 3.28 
6322.69 6362.35 39.66 3.2 
6335.34 6442.97 107.63 3.35 
6335.34 6158.17 177.17 8.54 
6335.34 6142.49 192.85 3.42 
6335.34 6145.02 190.32 3.42 
6335.34 6195.46 139.88 3.67 
6335.34 6237.33 98.01 3.41 
6335.34 6243.82 91.52 3.42 
6335.34 6244.48 90.86 3.42 
6335.34 6414.99 79.65 3.67 
6335.34 6527.21 191.87 3.67 
6335.34 6362.35 27.01 3.59 
6336.83 6158.17 178.66 7.05 
6336.83 6300.3 36.53 3.69 
6336.83 6216.35 120.48 3.41 
6336.83 6224.51 112.32 3.4 
6336.83 6251.83 85.0 3.4 
6336.83 6274.66 62.17 3.42 
6336.83 6285.17 51.66 3.41 
6336.83 6496.91 160.08 3.09 
6358.68 6380.75 22.07 3.33 
6358.68 6385.72 27.04 3.87 
6358.68 6149.25 209.43 3.03 
6358.68 6238.39 120.29 3.03 
6358.68 6239.94 118.74 3.03 
6358.68 6247.56 111.12 3.03 
6358.68 6407.29 48.61 3.03 
6358.68 6416.93 58.25 3.03 
6358.68 6442.97 84.29 4.69 
6358.68 6456.39 97.71 3.04 
6358.68 6158.17 200.51 9.88 
6358.68 6319.24 39.44 4.25 
6358.68 6318.72 39.96 4.25 
6358.68 6195.46 163.22 5.01 
6358.68 6237.33 121.35 4.75 
6358.68 6243.82 114.86 4.76 
6358.68 6244.48 114.2 4.76 
6358.68 6414.99 56.31 5.01 
6358.68 6527.21 168.53 5.01 
6358.68 6175.37 183.31 3.23 
6358.68 6176.82 181.86 3.23 
6358.68 6186.72 171.96 3.25 
6358.68 6204.61 154.07 3.23 
6358.68 6223.99 134.69 3.25 
6358.68 6230.1 128.58 3.25 
6358.68 6322.17 36.51 3.29 
6358.68 6360.81 2.13 3.31 
6358.68 6378.26 19.58 3.29 
6358.68 6362.35 3.67 4.93 
6380.75 6498.94 118.19 3.23 
6380.75 6587.62 206.87 4.35 
6380.75 6300.3 80.45 4.19 
6380.75 6216.35 164.4 3.91 
6380.75 6224.51 156.24 3.9 
6380.75 6251.83 128.92 3.9 
6380.75 6274.66 106.09 3.92 
6380.75 6285.17 95.58 3.91 
6380.75 6330.13 50.62 3.25 
6380.75 6496.91 116.16 3.59 
6385.72 6498.94 113.22 3.77 
6385.72 6581.21 195.49 3.24 
6385.72 6587.62 201.9 3.81 
6385.72 6300.3 85.42 4.73 
6385.72 6245.62 140.1 3.22 
6385.72 6320.84 64.88 3.23 
6385.72 6258.11 127.61 3.29 
6385.72 6261.1 124.62 3.3 
6385.72 6216.35 169.37 4.45 
6385.72 6224.51 161.21 4.44 
6385.72 6251.83 133.89 4.44 
6385.72 6274.66 111.06 4.46 
6385.72 6285.17 100.55 4.45 
6385.72 6330.13 55.59 3.79 
6385.72 6327.6 58.12 3.05 
6385.72 6496.91 111.19 4.13 
6392.54 6442.97 50.43 3.27 
6392.54 6587.62 195.08 6.26 
6392.54 6195.46 197.08 3.59 
6392.54 6237.33 155.21 3.33 
6392.54 6243.82 148.72 3.34 
6392.54 6244.48 148.06 3.34 
6392.54 6414.99 22.45 3.59 
6392.54 6527.21 134.67 3.59 
6392.54 6583.71 191.17 3.67 
6392.54 6362.35 30.19 3.51 
6430.85 6442.97 12.12 3.37 
6430.85 6587.62 156.77 6.36 
6430.85 6237.33 193.52 3.43 
6430.85 6243.82 187.03 3.44 
6430.85 6244.48 186.37 3.44 
6430.85 6414.99 15.86 3.69 
6430.85 6527.21 96.36 3.69 
6430.85 6583.71 152.86 3.77 
6430.85 6362.35 68.5 3.61 
6481.88 6442.97 38.91 3.27 
6481.88 6587.62 105.74 6.26 
6481.88 6414.99 66.89 3.59 
6481.88 6527.21 45.33 3.59 
6481.88 6583.71 101.83 3.67 
6481.88 6362.35 119.53 3.51 
6498.94 6627.55 128.61 3.59 
6498.94 6653.86 154.92 3.19 
6498.94 6699.15 200.21 3.63 
6498.94 6705.11 206.17 3.65 
6498.94 6442.97 55.97 4.59 
6498.94 6587.62 88.68 7.58 
6498.94 6319.24 179.7 4.15 
6498.94 6318.72 180.22 4.15 
6498.94 6414.99 83.95 4.91 
6498.94 6527.21 28.27 4.91 
6498.94 6583.71 84.77 4.99 
6498.94 6661.08 162.14 3.23 
6498.94 6322.17 176.77 3.19 
6498.94 6360.81 138.13 3.21 
6498.94 6378.26 120.68 3.19 
6498.94 6598.6 99.66 3.28 
6498.94 6635.13 136.19 3.46 
6498.94 6362.35 136.59 4.83 
6581.21 6627.55 46.34 3.06 
6581.21 6699.15 117.94 3.1 
6581.21 6705.11 123.9 3.12 
6581.21 6713.05 131.84 3.12 
6581.21 6713.74 132.53 3.3 
6581.21 6726.67 145.46 3.12 
6581.21 6732.07 150.86 3.09 
6581.21 6745.11 163.9 3.09 
6581.21 6752.71 171.5 3.15 
6581.21 6442.97 138.24 4.06 
6581.21 6587.62 6.41 7.05 
6581.21 6414.99 166.22 4.38 
6581.21 6527.21 54.0 4.38 
6581.21 6583.71 2.5 4.46 
6581.21 6721.85 140.64 4.37 
6581.21 6741.63 160.42 4.49 
6581.21 6757.17 175.96 6.38 
6593.88 6442.97 150.91 3.12 
6593.88 6587.62 6.26 6.11 
6593.88 6414.99 178.89 3.44 
6593.88 6527.21 66.67 3.44 
6593.88 6583.71 10.17 3.52 
6593.88 6721.85 127.97 3.43 
6593.88 6741.63 147.75 3.55 
6593.88 6757.17 163.29 5.44 
6608.03 6442.97 165.06 3.27 
6608.03 6587.62 20.41 6.26 
6608.03 6414.99 193.04 3.59 
6608.03 6527.21 80.82 3.59 
6608.03 6583.71 24.32 3.67 
6608.03 6721.85 113.82 3.58 
6608.03 6741.63 133.6 3.7 
6608.03 6757.17 149.14 5.59 
6609.12 6587.62 21.5 5.98 
6609.12 6414.99 194.13 3.31 
6609.12 6527.21 81.91 3.31 
6609.12 6583.71 25.41 3.39 
6609.12 6721.85 112.73 3.3 
6609.12 6741.63 132.51 3.42 
6609.12 6757.17 148.05 5.31 
6625.02 6627.55 2.53 3.54 
6625.02 6653.86 28.84 3.14 
6625.02 6699.15 74.13 3.58 
6625.02 6705.11 80.09 3.6 
6625.02 6713.05 88.03 3.6 
6625.02 6713.2 88.18 3.13 
6625.02 6713.74 88.72 3.78 
6625.02 6725.36 100.34 3.09 
6625.02 6726.67 101.65 3.6 
6625.02 6732.07 107.05 3.57 
6625.02 6745.11 120.09 3.57 
6625.02 6745.97 120.95 3.07 
6625.02 6752.71 127.69 3.63 
6625.02 6786.86 161.84 3.18 
6625.02 6793.26 168.24 3.57 
6625.02 6810.27 185.25 3.6 
6625.02 6820.37 195.35 3.63 
6625.02 6833.23 208.21 3.63 
6625.02 6442.97 182.05 4.54 
6625.02 6587.62 37.4 7.53 
6625.02 6527.21 97.81 4.86 
6625.02 6583.71 41.31 4.94 
6625.02 6721.85 96.83 4.85 
6625.02 6741.63 116.61 4.97 
6625.02 6757.17 132.15 6.86 
6625.02 6661.08 36.06 3.18 
6625.02 6598.6 26.42 3.23 
6625.02 6635.13 10.11 3.41 
6627.55 6710.32 82.77 3.06 
6627.55 6707.83 80.28 4.55 
6627.55 6587.62 39.93 3.99 
6627.55 6757.17 129.62 3.32 
6627.55 6604.6 22.95 3.19 
6627.55 6599.12 28.43 3.65 
6627.55 6496.91 130.64 3.95 
6646.94 6587.62 59.32 5.93 
6646.94 6527.21 119.73 3.26 
6646.94 6583.71 63.23 3.34 
6646.94 6721.85 74.91 3.25 
6646.94 6741.63 94.69 3.37 
6646.94 6757.17 110.23 5.26 
6653.86 6707.83 53.97 4.15 
6653.86 6587.62 66.24 4.39 
6653.86 6757.17 103.31 3.72 
6653.86 6599.12 54.74 3.25 
6653.86 6496.91 156.95 3.55 
6699.15 6710.32 11.17 3.1 
6699.15 6739.52 40.37 3.03 
6699.15 6707.83 8.68 4.59 
6699.15 6587.62 111.53 3.95 
6699.15 6757.17 58.02 3.28 
6699.15 6604.6 94.55 3.23 
6699.15 6599.12 100.03 3.69 
6699.15 6496.91 202.24 3.99 
6703.57 6587.62 115.95 5.78 
6703.57 6527.21 176.36 3.11 
6703.57 6583.71 119.86 3.19 
6703.57 6721.85 18.28 3.1 
6703.57 6741.63 38.06 3.22 
6703.57 6757.17 53.6 5.11 
6705.11 6710.32 5.21 3.12 
6705.11 6739.52 34.41 3.05 
6705.11 6707.83 2.72 4.61 
6705.11 6587.62 117.49 3.93 
6705.11 6757.17 52.06 3.26 
6705.11 6604.6 100.51 3.25 
6705.11 6599.12 105.99 3.71 
6705.11 6496.91 208.2 4.01 
6710.32 6713.05 2.73 3.12 
6710.32 6713.74 3.42 3.3 
6710.32 6726.67 16.35 3.12 
6710.32 6732.07 21.75 3.09 
6710.32 6745.11 34.79 3.09 
6710.32 6752.71 42.39 3.15 
6710.32 6793.26 82.94 3.09 
6710.32 6810.27 99.95 3.12 
6710.32 6820.37 110.05 3.15 
6710.32 6833.23 122.91 3.15 
6710.32 6837.01 126.69 3.1 
6710.32 6842.69 132.37 3.15 
6710.32 6843.66 133.34 3.06 
6710.32 6855.72 145.4 3.12 
6710.32 6858.15 147.83 3.12 
6710.32 6862.5 152.18 3.07 
6710.32 6864.32 154.0 3.07 
6710.32 6587.62 122.7 7.05 
6710.32 6527.21 183.11 4.38 
6710.32 6583.71 126.61 4.46 
6710.32 6721.85 11.53 4.37 
6710.32 6741.63 31.31 4.49 
6710.32 6757.17 46.85 6.38 
6713.05 6739.52 26.47 3.05 
6713.05 6707.83 5.22 4.61 
6713.05 6587.62 125.43 3.93 
6713.05 6757.17 44.12 3.26 
6713.05 6604.6 108.45 3.25 
6713.05 6599.12 113.93 3.71 
6713.2 6707.83 5.37 4.14 
6713.2 6587.62 125.58 4.4 
6713.2 6757.17 43.97 3.73 
6713.2 6599.12 114.08 3.24 
6713.74 6739.52 25.78 3.23 
6713.74 6707.83 5.91 4.79 
6713.74 6587.62 126.12 3.75 
6713.74 6757.17 43.43 3.08 
6713.74 6604.6 109.14 3.43 
6713.74 6599.12 114.62 3.89 
6725.36 6707.83 17.53 4.1 
6725.36 6587.62 137.74 4.44 
6725.36 6757.17 31.81 3.77 
6725.36 6599.12 126.24 3.2 
6726.67 6739.52 12.85 3.05 
6726.67 6707.83 18.84 4.61 
6726.67 6587.62 139.05 3.93 
6726.67 6757.17 30.5 3.26 
6726.67 6604.6 122.07 3.25 
6726.67 6599.12 127.55 3.71 
6732.07 6739.52 7.45 3.02 
6732.07 6707.83 24.24 4.58 
6732.07 6587.62 144.45 3.96 
6732.07 6757.17 25.1 3.29 
6732.07 6604.6 127.47 3.22 
6732.07 6599.12 132.95 3.68 
6739.52 6745.11 5.59 3.02 
6739.52 6752.71 13.19 3.08 
6739.52 6793.26 53.74 3.02 
6739.52 6810.27 70.75 3.05 
6739.52 6820.37 80.85 3.08 
6739.52 6833.23 93.71 3.08 
6739.52 6837.01 97.49 3.03 
6739.52 6842.69 103.17 3.08 
6739.52 6855.72 116.2 3.05 
6739.52 6858.15 118.63 3.05 
6739.52 6862.5 122.98 3.0 
6739.52 6864.32 124.8 3.0 
6739.52 6587.62 151.9 6.98 
6739.52 6583.71 155.81 4.39 
6739.52 6721.85 17.67 4.3 
6739.52 6741.63 2.11 4.42 
6739.52 6757.17 17.65 6.31 
6745.11 6707.83 37.28 4.58 
6745.11 6587.62 157.49 3.96 
6745.11 6757.17 12.06 3.29 
6745.11 6604.6 140.51 3.22 
6745.11 6599.12 145.99 3.68 
6745.97 6707.83 38.14 4.08 
6745.97 6587.62 158.35 4.46 
6745.97 6757.17 11.2 3.79 
6745.97 6599.12 146.85 3.18 
6752.71 6707.83 44.88 4.64 
6752.71 6587.62 165.09 3.9 
6752.71 6757.17 4.46 3.23 
6752.71 6604.6 148.11 3.28 
6752.71 6599.12 153.59 3.74 
6786.86 6707.83 79.03 4.19 
6786.86 6587.62 199.24 4.35 
6786.86 6757.17 29.69 3.68 
6786.86 6599.12 187.74 3.29 
6793.26 6707.83 85.43 4.58 
6793.26 6587.62 205.64 3.96 
6793.26 6757.17 36.09 3.29 
6793.26 6604.6 188.66 3.22 
6793.26 6599.12 194.14 3.68 
6806.85 6721.85 85.0 3.13 
6806.85 6741.63 65.22 3.25 
6806.85 6757.17 49.68 5.14 
6810.27 6707.83 102.44 4.61 
6810.27 6757.17 53.1 3.26 
6810.27 6604.6 205.67 3.25 
6820.37 6707.83 112.54 4.64 
6820.37 6757.17 63.2 3.23 
6828.6 6707.83 120.77 3.57 
6828.6 6757.17 71.43 4.3 
6833.23 6707.83 125.4 4.64 
6833.23 6757.17 76.06 3.23 
6837.01 6707.83 129.18 4.59 
6837.01 6757.17 79.84 3.28 
6839.84 6721.85 117.99 3.3 
6839.84 6741.63 98.21 3.42 
6839.84 6757.17 82.67 5.31 
6842.69 6707.83 134.86 4.64 
6842.69 6757.17 85.52 3.23 
6843.66 6707.83 135.83 4.55 
6843.66 6757.17 86.49 3.32 
6855.72 6707.83 147.89 4.61 
6855.72 6757.17 98.55 3.26 
6857.25 6707.83 149.42 4.08 
6857.25 6757.17 100.08 3.79 
6858.15 6707.83 150.32 4.61 
6858.15 6757.17 100.98 3.26 
6861.94 6721.85 140.09 3.44 
6861.94 6741.63 120.31 3.56 
6861.94 6757.17 104.77 5.45 
6862.5 6707.83 154.67 4.56 
6862.5 6757.17 105.33 3.31 
6864.32 6707.83 156.49 4.56 
6864.32 6757.17 107.15 3.31 
4923.93 5052.15 128.22 4.79 
5132.67 5052.15 80.52 4.87 
5197.57 5052.15 145.42 4.45 
5197.57 5380.32 182.75 4.45 
5197.57 4997.1 200.47 3.23 
5197.57 5039.96 157.61 3.21 
5197.57 5219.7 22.13 3.21 
5234.63 5427.81 193.18 3.5 
5234.63 5052.15 182.48 4.46 
5234.63 5380.32 145.69 4.46 
5234.63 5039.96 194.67 3.2 
5234.63 5219.7 14.93 3.2 
5256.94 5427.81 170.87 3.83 
5256.94 5052.15 204.79 4.79 
5256.94 5380.32 123.38 4.79 
5264.81 5427.81 163.0 3.49 
5264.81 5380.32 115.51 4.45 
5264.81 5219.7 45.11 3.21 
5284.11 5427.81 143.7 3.83 
5284.11 5380.32 96.21 4.79 
5414.07 5427.81 13.74 3.5 
5414.07 5380.32 33.75 4.46 
5414.07 5219.7 194.37 3.2 
5425.25 5427.81 2.56 3.52 
5425.25 5380.32 44.93 4.48 
5425.25 5219.7 205.55 3.18 
5427.81 5525.12 97.31 3.45 
5427.81 5534.85 107.04 3.47 
5427.81 5261.71 166.1 4.2 
5427.81 5349.47 78.34 4.01 
5427.81 5512.98 85.17 3.79 
5427.81 5520.5 92.69 4.85 
5427.81 5526.82 99.01 4.95 
5427.81 5219.7 208.11 6.7 
5427.81 5490.16 62.35 5.26 
5427.81 5503.9 76.09 4.14 
5427.81 5381.03 46.78 5.15 
5427.81 5418.77 9.04 5.14 
5427.81 5238.97 188.84 4.01 
5427.81 5247.57 180.24 5.76 
5427.81 5287.18 140.63 3.28 
5427.81 5296.7 131.11 5.74 
5427.81 5300.75 127.06 5.74 
5427.81 5301.05 126.76 5.01 
5427.81 5352.05 75.76 3.14 
5427.81 5435.86 8.05 4.73 
5427.81 5578.72 150.91 5.04 
5427.81 5587.87 160.06 4.79 
5427.81 5402.78 25.03 4.88 
5525.12 5380.32 144.8 4.41 
5534.85 5380.32 154.53 4.43 
5991.38 6158.17 166.79 7.59 
5991.38 6052.67 61.29 4.72 
6084.11 6158.17 74.06 7.54 
6084.11 6052.67 31.44 4.67 
6113.32 6158.17 44.85 7.52 
6113.32 6300.3 186.98 3.22 
6113.32 6052.67 60.65 4.65 
6149.25 6158.17 8.92 6.85 
6149.25 6300.3 151.05 3.89 
6149.25 6052.67 96.58 3.98 
6149.25 6216.35 67.1 3.61 
6149.25 6224.51 75.26 3.6 
6149.25 6251.83 102.58 3.6 
6149.25 6274.66 125.41 3.62 
6149.25 6285.17 135.92 3.61 
6149.25 6141.73 7.52 3.19 
6238.39 6158.17 80.22 6.85 
6238.39 6300.3 61.91 3.89 
6238.39 6052.67 185.72 3.98 
6238.39 6216.35 22.04 3.61 
6238.39 6224.51 13.88 3.6 
6238.39 6251.83 13.44 3.6 
6238.39 6274.66 36.27 3.62 
6238.39 6285.17 46.78 3.61 
6238.39 6141.73 96.66 3.19 
6239.94 6158.17 81.77 6.85 
6239.94 6300.3 60.36 3.89 
6239.94 6052.67 187.27 3.98 
6239.94 6216.35 23.59 3.61 
6239.94 6224.51 15.43 3.6 
6239.94 6251.83 11.89 3.6 
6239.94 6274.66 34.72 3.62 
6239.94 6285.17 45.23 3.61 
6239.94 6141.73 98.21 3.19 
6247.56 6158.17 89.39 6.85 
6247.56 6300.3 52.74 3.89 
6247.56 6052.67 194.89 3.98 
6247.56 6216.35 31.21 3.61 
6247.56 6224.51 23.05 3.6 
6247.56 6251.83 4.27 3.6 
6247.56 6274.66 27.1 3.62 
6247.56 6285.17 37.61 3.61 
6247.56 6141.73 105.83 3.19 
6407.29 6587.62 180.33 4.65 
6407.29 6300.3 106.99 3.89 
6407.29 6216.35 190.94 3.61 
6407.29 6224.51 182.78 3.6 
6407.29 6251.83 155.46 3.6 
6407.29 6274.66 132.63 3.62 
6407.29 6285.17 122.12 3.61 
6407.29 6496.91 89.62 3.29 
6416.93 6587.62 170.69 4.65 
6416.93 6300.3 116.63 3.89 
6416.93 6216.35 200.58 3.61 
6416.93 6224.51 192.42 3.6 
6416.93 6251.83 165.1 3.6 
6416.93 6274.66 142.27 3.62 
6416.93 6285.17 131.76 3.61 
6416.93 6496.91 79.98 3.29 
6432.69 6587.62 154.93 5.65 
6432.69 6583.71 151.02 3.06 
6442.97 6300.3 142.67 5.55 
6442.97 6449.82 6.85 3.03 
6442.97 6455.6 12.63 3.03 
6442.97 6471.67 28.7 3.02 
6442.97 6499.65 56.68 3.03 
6442.97 6245.62 197.35 4.04 
6442.97 6320.84 122.13 4.05 
6442.97 6604.6 161.63 4.19 
6442.97 6258.11 184.86 4.11 
6442.97 6261.1 181.87 4.12 
6442.97 6599.12 156.15 4.65 
6442.97 6251.83 191.14 5.26 
6442.97 6274.66 168.31 5.28 
6442.97 6285.17 157.8 5.27 
6442.97 6330.13 112.84 4.61 
6442.97 6327.6 115.37 3.87 
6442.97 6496.91 53.94 4.95 
6456.39 6587.62 131.23 4.64 
6456.39 6300.3 156.09 3.9 
6456.39 6599.12 142.73 3.0 
6456.39 6251.83 204.56 3.61 
6456.39 6274.66 181.73 3.63 
6456.39 6285.17 171.22 3.62 
6456.39 6496.91 40.52 3.3 
6516.09 6587.62 71.53 5.65 
6516.09 6583.71 67.62 3.06 
6707.83 6587.62 120.21 8.54 
6707.83 6696.03 11.8 3.14 
6707.83 6698.67 9.16 3.14 
6707.83 6527.21 180.62 5.87 
6707.83 6583.71 124.12 5.95 
6707.83 6721.85 14.02 5.86 
6707.83 6741.63 33.8 5.98 
6707.83 6757.17 49.34 7.87 
6707.83 6661.08 46.75 4.19 
6707.83 6882.52 174.69 3.44 
6707.83 6598.6 109.23 4.24 
6707.83 6635.13 72.7 4.42 
6707.83 6772.32 64.49 3.66 
6707.83 6842.04 134.21 3.66 
5052.15 5261.71 209.56 5.16 
5052.15 4913.62 138.53 5.81 
5052.15 4997.1 55.05 7.68 
5052.15 5016.17 35.98 6.83 
5052.15 5039.96 12.19 7.66 
5052.15 5064.06 11.91 4.99 
5052.15 5071.49 19.34 6.22 
5052.15 5113.44 61.29 6.24 
5052.15 5145.47 93.32 6.22 
5052.15 5219.7 167.55 7.66 
5052.15 4911.2 140.95 4.56 
5052.15 5211.54 159.39 5.09 
5052.15 4936.34 115.81 4.57 
5052.15 4964.93 87.22 6.74 
5052.15 5214.14 161.99 4.31 
5052.15 5238.97 186.82 4.97 
5052.15 5247.57 195.42 6.72 
5052.15 4884.61 167.54 3.82 
5052.15 4913.98 138.17 3.94 
5052.15 4946.04 106.11 3.88 
5052.15 4952.29 99.86 4.07 
5052.15 4976.33 75.82 6.0 
5052.15 4995.66 56.49 4.05 
5052.15 5081.11 28.96 3.83 
5052.15 5094.41 42.26 3.85 
5052.15 5010.94 41.21 4.05 
5052.15 5218.21 166.06 3.86 
5052.15 5220.09 167.94 3.86 
5052.15 4900.12 152.03 6.65 
5052.15 5087.43 35.28 6.6 
5052.15 5200.42 148.27 6.69 
5052.15 5112.28 60.13 6.02 
5052.15 5092.8 40.65 7.3 
5380.32 5261.71 118.61 5.16 
5380.32 5349.47 30.85 4.97 
5380.32 5512.98 132.66 4.75 
5380.32 5520.5 140.18 5.81 
5380.32 5526.82 146.5 5.91 
5380.32 5219.7 160.62 7.66 
5380.32 5490.16 109.84 6.22 
5380.32 5503.9 123.58 5.1 
5380.32 5211.54 168.78 5.09 
5380.32 5381.03 0.71 6.11 
5380.32 5418.77 38.45 6.1 
5380.32 5214.14 166.18 4.31 
5380.32 5238.97 141.35 4.97 
5380.32 5247.57 132.75 6.72 
5380.32 5287.18 93.14 4.24 
5380.32 5296.7 83.62 6.7 
5380.32 5300.75 79.57 6.7 
5380.32 5377.62 2.7 3.84 
5380.32 5399.47 19.15 3.83 
5380.32 5413.67 33.35 3.82 
5380.32 5301.05 79.27 5.97 
5380.32 5342.71 37.61 3.66 
5380.32 5352.05 28.27 4.1 
5380.32 5359.2 21.12 3.53 
5380.32 5392.33 12.01 3.53 
5380.32 5435.86 55.54 5.69 
5380.32 5462.5 82.18 3.83 
5380.32 5578.72 198.4 6.0 
5380.32 5587.87 207.55 5.75 
5380.32 5589.36 209.04 3.78 
5380.32 5218.21 162.11 3.86 
5380.32 5220.09 160.23 3.86 
5380.32 5200.42 179.9 6.69 
5380.32 5402.78 22.46 5.84 
6587.62 6696.03 108.41 5.4 
6587.62 6698.67 111.05 5.4 
6587.62 6449.82 137.8 6.02 
6587.62 6455.6 132.02 6.02 
6587.62 6471.67 115.95 6.01 
6587.62 6499.65 87.97 6.02 
6587.62 6604.6 16.98 7.18 
6587.62 6599.12 11.5 7.64 
6587.62 6661.08 73.46 4.35 
6587.62 6378.26 209.36 4.39 
6587.62 6598.6 10.98 4.3 
6587.62 6635.13 47.51 4.12 
6587.62 6767.78 180.16 6.71 
6587.62 6772.32 184.7 4.88 
6587.62 6496.91 90.71 7.94 
6158.17 6300.3 142.13 10.74 
6158.17 6154.23 3.94 8.64 
6158.17 6160.75 2.58 8.64 
6158.17 6319.24 161.07 5.63 
6158.17 6318.72 160.55 5.63 
6158.17 5948.54 209.63 5.66 
6158.17 6125.02 33.15 5.13 
6158.17 6142.49 15.68 5.12 
6158.17 6145.02 13.15 5.12 
6158.17 6195.46 37.29 4.87 
6158.17 6237.33 79.16 5.13 
6158.17 6243.82 85.65 5.12 
6158.17 6244.48 86.31 5.12 
6158.17 6156.02 2.15 8.22 
6158.17 6161.29 3.12 8.22 
6158.17 6166.44 8.27 8.22 
6158.17 6169.04 10.87 8.22 
6158.17 6245.62 87.45 9.23 
6158.17 6320.84 162.67 9.24 
6158.17 5965.84 192.33 8.86 
6158.17 5978.55 179.62 8.87 
6158.17 6064.63 93.54 9.69 
6158.17 6091.18 66.99 8.47 
6158.17 6126.22 31.95 9.67 
6158.17 6258.11 99.94 9.3 
6158.17 6261.1 102.93 9.31 
6158.17 6039.73 118.44 9.68 
6158.17 6081.45 76.72 9.69 
6158.17 6090.21 67.96 9.66 
6158.17 6111.65 46.52 9.7 
6158.17 6135.36 22.81 9.69 
6158.17 6216.35 58.18 10.46 
6158.17 6224.51 66.34 10.45 
6158.17 6251.83 93.66 10.45 
6158.17 6274.66 116.49 10.47 
6158.17 6285.17 127.0 10.46 
6158.17 6330.13 171.96 9.8 
6158.17 5996.73 161.44 6.5 
6158.17 6007.31 150.86 9.06 
6158.17 6086.29 71.88 6.47 
6158.17 6108.12 50.05 9.06 
6158.17 6111.08 47.09 6.65 
6158.17 6119.76 38.41 6.47 
6158.17 6128.98 29.19 9.06 
6158.17 6130.14 28.03 6.47 
6158.17 6175.37 17.2 6.65 
6158.17 6176.82 18.65 6.65 
6158.17 6177.25 19.08 8.91 
6158.17 6186.72 28.55 6.63 
6158.17 6204.61 46.44 6.65 
6158.17 6223.99 65.82 6.63 
6158.17 6230.1 71.93 6.63 
6158.17 6322.17 164.0 6.59 
6158.17 6327.6 169.43 9.06 
6158.17 6360.81 202.64 6.57 
6158.17 6362.35 204.18 4.95 
6158.17 6141.73 16.44 10.04 
6300.3 6319.24 18.94 5.11 
6300.3 6318.72 18.42 5.11 
6300.3 6125.02 175.28 5.61 
6300.3 6142.49 157.81 5.62 
6300.3 6145.02 155.28 5.62 
6300.3 6195.46 104.84 5.87 
6300.3 6237.33 62.97 5.61 
6300.3 6243.82 56.48 5.62 
6300.3 6244.48 55.82 5.62 
6300.3 6414.99 114.69 5.87 
6300.3 6111.08 189.22 4.09 
6300.3 6119.76 180.54 4.27 
6300.3 6130.14 170.16 4.27 
6300.3 6175.37 124.93 4.09 
6300.3 6176.82 123.48 4.09 
6300.3 6186.72 113.58 4.11 
6300.3 6204.61 95.69 4.09 
6300.3 6223.99 76.31 4.11 
6300.3 6230.1 70.2 4.11 
6300.3 6322.17 21.87 4.15 
6300.3 6360.81 60.51 4.17 
6300.3 6378.26 77.96 4.15 
6300.3 6362.35 62.05 5.79 
5688.22 5753.64 65.42 3.52 
6154.23 6319.24 165.01 3.01 
6154.23 6318.72 164.49 3.01 
6154.23 6125.02 29.21 3.51 
6154.23 6142.49 11.74 3.52 
6154.23 6145.02 9.21 3.52 
6154.23 6195.46 41.23 3.77 
6154.23 6237.33 83.1 3.51 
6154.23 6243.82 89.59 3.52 
6154.23 6244.48 90.25 3.52 
6154.23 6052.67 101.56 5.77 
6154.23 6362.35 208.12 3.69 
6160.75 6319.24 158.49 3.01 
6160.75 6318.72 157.97 3.01 
6160.75 6125.02 35.73 3.51 
6160.75 6142.49 18.26 3.52 
6160.75 6145.02 15.73 3.52 
6160.75 6195.46 34.71 3.77 
6160.75 6237.33 76.58 3.51 
6160.75 6243.82 83.07 3.52 
6160.75 6244.48 83.73 3.52 
6160.75 6052.67 108.08 5.77 
6160.75 6362.35 201.6 3.69 
4730.04 4555.49 174.55 3.5 
4730.04 4562.63 167.41 4.33 
4730.04 4656.47 73.57 4.35 
4730.04 4675.11 54.93 3.28 
4730.04 4722.61 7.43 3.3 
4730.04 4583.41 146.63 3.19 
4730.04 4636.33 93.71 3.19 
4730.04 4657.2 72.84 3.11 
4730.04 4708.67 21.37 3.11 
4730.04 4600.75 129.29 3.35 
4730.04 4626.18 103.86 3.38 
4730.04 4900.12 170.08 3.32 
5711.09 5866.45 155.36 3.28 
5711.09 5670.85 40.24 3.27 
5711.09 5703.59 7.5 3.3 
5711.09 5727.05 15.96 3.27 
5711.09 5737.07 25.98 3.29 
5711.09 5853.69 142.6 3.75 
6319.24 6245.62 73.62 3.6 
6319.24 6320.84 1.6 3.61 
6319.24 6126.22 193.02 4.04 
6319.24 6258.11 61.13 3.67 
6319.24 6261.1 58.14 3.68 
6319.24 6111.65 207.59 4.07 
6319.24 6135.36 183.88 4.06 
6319.24 6216.35 102.89 4.83 
6319.24 6224.51 94.73 4.82 
6319.24 6251.83 67.41 4.82 
6319.24 6274.66 44.58 4.84 
6319.24 6285.17 34.07 4.83 
6319.24 6330.13 10.89 4.17 
6319.24 6128.98 190.26 3.43 
6319.24 6177.25 141.99 3.28 
6319.24 6327.6 8.36 3.43 
6319.24 6141.73 177.51 4.41 
6319.24 6496.91 177.67 4.51 
6318.72 6245.62 73.1 3.6 
6318.72 6320.84 2.12 3.61 
6318.72 6126.22 192.5 4.04 
6318.72 6258.11 60.61 3.67 
6318.72 6261.1 57.62 3.68 
6318.72 6111.65 207.07 4.07 
6318.72 6135.36 183.36 4.06 
6318.72 6216.35 102.37 4.83 
6318.72 6224.51 94.21 4.82 
6318.72 6251.83 66.89 4.82 
6318.72 6274.66 44.06 4.84 
6318.72 6285.17 33.55 4.83 
6318.72 6330.13 11.41 4.17 
6318.72 6128.98 189.74 3.43 
6318.72 6177.25 141.47 3.28 
6318.72 6327.6 8.88 3.43 
6318.72 6141.73 176.99 4.41 
6318.72 6496.91 178.19 4.51 
6696.03 6757.17 61.14 4.73 
6698.67 6757.17 58.5 4.73 
5517.54 5520.5 2.96 3.21 
5517.54 5671.82 154.28 3.63 
5517.54 5526.82 9.28 3.31 
5517.54 5657.88 140.34 3.57 
5517.54 5667.14 149.6 3.58 
5517.54 5684.19 166.65 3.57 
5517.54 5490.16 27.38 3.62 
5517.54 5381.03 136.51 3.51 
5517.54 5418.77 98.77 3.5 
5517.54 5670.85 153.31 4.0 
5517.54 5703.59 186.05 4.03 
5517.54 5727.05 209.51 4.0 
5517.54 5435.86 81.68 3.09 
5517.54 5578.72 61.18 3.4 
5517.54 5587.87 70.33 3.15 
5517.54 5402.78 114.76 3.24 
5621.6 5520.5 101.1 3.21 
5621.6 5671.82 50.22 3.63 
5621.6 5526.82 94.78 3.31 
5621.6 5657.88 36.28 3.57 
5621.6 5667.14 45.54 3.58 
5621.6 5684.19 62.59 3.57 
5621.6 5490.16 131.44 3.62 
5621.6 5418.77 202.83 3.5 
5621.6 5670.85 49.25 4.0 
5621.6 5703.59 81.99 4.03 
5621.6 5727.05 105.45 4.0 
5621.6 5737.07 115.47 4.02 
5621.6 5435.86 185.74 3.09 
5621.6 5578.72 42.88 3.4 
5621.6 5587.87 33.73 3.15 
5621.6 5754.68 133.08 3.14 
5621.6 5748.36 126.76 3.4 
5645.61 5520.5 125.11 3.06 
5645.61 5671.82 26.21 3.48 
5645.61 5526.82 118.79 3.16 
5645.61 5657.88 12.27 3.42 
5645.61 5667.14 21.53 3.43 
5645.61 5684.19 38.58 3.42 
5645.61 5490.16 155.45 3.47 
5645.61 5670.85 25.24 3.85 
5645.61 5703.59 57.98 3.88 
5645.61 5727.05 81.44 3.85 
5645.61 5737.07 91.46 3.87 
5645.61 5578.72 66.89 3.25 
5645.61 5587.87 57.74 3.0 
5645.61 5847.0 201.39 3.25 
5645.61 5748.36 102.75 3.25 
5645.61 5853.69 208.08 4.33 
5684.49 5520.5 163.99 3.08 
5684.49 5671.82 12.67 3.5 
5684.49 5526.82 157.67 3.18 
5684.49 5657.88 26.61 3.44 
5684.49 5667.14 17.35 3.45 
5684.49 5684.19 0.3 3.44 
5684.49 5490.16 194.33 3.49 
5684.49 5866.45 181.96 3.88 
5684.49 5670.85 13.64 3.87 
5684.49 5703.59 19.1 3.9 
5684.49 5727.05 42.56 3.87 
5684.49 5737.07 52.58 3.89 
5684.49 5578.72 105.77 3.27 
5684.49 5587.87 96.62 3.02 
5684.49 5754.68 70.19 3.01 
5684.49 5847.0 162.51 3.27 
5684.49 5748.36 63.87 3.27 
5684.49 5853.69 169.2 4.35 
5690.43 5520.5 169.93 3.06 
5690.43 5671.82 18.61 3.48 
5690.43 5526.82 163.61 3.16 
5690.43 5657.88 32.55 3.42 
5690.43 5667.14 23.29 3.43 
5690.43 5684.19 6.24 3.42 
5690.43 5490.16 200.27 3.47 
5690.43 5866.45 176.02 3.86 
5690.43 5670.85 19.58 3.85 
5690.43 5703.59 13.16 3.88 
5690.43 5727.05 36.62 3.85 
5690.43 5737.07 46.64 3.87 
5690.43 5578.72 111.71 3.25 
5690.43 5587.87 102.56 3.0 
5690.43 5847.0 156.57 3.25 
5690.43 5748.36 57.93 3.25 
5690.43 5853.69 163.26 4.33 
5701.11 5520.5 180.61 3.06 
5701.11 5671.82 29.29 3.48 
5701.11 5526.82 174.29 3.16 
5701.11 5657.88 43.23 3.42 
5701.11 5667.14 33.97 3.43 
5701.11 5684.19 16.92 3.42 
5701.11 5866.45 165.34 3.86 
5701.11 5670.85 30.26 3.85 
5701.11 5703.59 2.48 3.88 
5701.11 5727.05 25.94 3.85 
5701.11 5737.07 35.96 3.87 
5701.11 5578.72 122.39 3.25 
5701.11 5587.87 113.24 3.0 
5701.11 5847.0 145.89 3.25 
5701.11 5748.36 47.25 3.25 
5701.11 5853.69 152.58 4.33 
5753.64 5671.82 81.82 4.17 
5753.64 5657.88 95.76 4.11 
5753.64 5667.14 86.5 4.12 
5753.64 5684.19 69.45 4.11 
5753.64 5648.57 105.07 3.13 
5753.64 5662.16 91.48 3.3 
5753.64 5739.48 14.16 3.37 
5753.64 5866.45 112.81 4.55 
5753.64 5670.85 82.79 4.54 
5753.64 5703.59 50.05 4.57 
5753.64 5727.05 26.59 4.54 
5753.64 5737.07 16.57 4.56 
5753.64 5647.24 106.4 3.34 
5753.64 5578.72 174.92 3.94 
5753.64 5587.87 165.77 3.69 
5753.64 5754.68 1.04 3.68 
5753.64 5847.0 93.36 3.94 
5753.64 5748.36 5.28 3.94 
5753.64 5853.69 100.05 5.02 
5772.15 5671.82 100.33 3.63 
5772.15 5657.88 114.27 3.57 
5772.15 5667.14 105.01 3.58 
5772.15 5684.19 87.96 3.57 
5772.15 5866.45 94.3 4.01 
5772.15 5965.84 193.69 3.2 
5772.15 5978.55 206.4 3.21 
5772.15 5670.85 101.3 4.0 
5772.15 5703.59 68.56 4.03 
5772.15 5727.05 45.1 4.0 
5772.15 5737.07 35.08 4.02 
5772.15 5578.72 193.43 3.4 
5772.15 5587.87 184.28 3.15 
5772.15 5754.68 17.47 3.14 
5772.15 5847.0 74.85 3.4 
5772.15 5748.36 23.79 3.4 
5772.15 5853.69 81.54 4.48 
5797.87 5671.82 126.05 3.5 
5797.87 5657.88 139.99 3.44 
5797.87 5667.14 130.73 3.45 
5797.87 5684.19 113.68 3.44 
5797.87 5866.45 68.58 3.88 
5797.87 5965.84 167.97 3.07 
5797.87 5978.55 180.68 3.08 
5797.87 5670.85 127.02 3.87 
5797.87 5703.59 94.28 3.9 
5797.87 5727.05 70.82 3.87 
5797.87 5737.07 60.8 3.89 
5797.87 5587.87 210.0 3.02 
5797.87 5754.68 43.19 3.01 
5797.87 5847.0 49.13 3.27 
5797.87 5748.36 49.51 3.27 
5797.87 6007.31 209.44 3.27 
5797.87 5853.69 55.82 4.35 
5948.54 5866.45 82.09 4.01 
5948.54 5965.84 17.3 3.2 
5948.54 5978.55 30.01 3.21 
5948.54 6064.63 116.09 4.03 
5948.54 6126.22 177.68 4.01 
5948.54 6039.73 91.19 4.02 
5948.54 6081.45 132.91 4.03 
5948.54 6090.21 141.67 4.0 
5948.54 6111.65 163.11 4.04 
5948.54 6135.36 186.82 4.03 
5948.54 5754.68 193.86 3.14 
5948.54 5847.0 101.54 3.4 
5948.54 5748.36 200.18 3.4 
5948.54 6007.31 58.77 3.4 
5948.54 6108.12 159.58 3.4 
5948.54 6128.98 180.44 3.4 
5948.54 5853.69 94.85 4.48 
5948.54 6141.73 193.19 4.38 
6125.02 6156.02 31.0 3.09 
6125.02 6161.29 36.27 3.09 
6125.02 6166.44 41.42 3.09 
6125.02 6169.04 44.02 3.09 
6125.02 6245.62 120.6 4.1 
6125.02 6320.84 195.82 4.11 
6125.02 5965.84 159.18 3.73 
6125.02 5978.55 146.47 3.74 
6125.02 6064.63 60.39 4.56 
6125.02 6091.18 33.84 3.34 
6125.02 6126.22 1.2 4.54 
6125.02 6258.11 133.09 4.17 
6125.02 6261.1 136.08 4.18 
6125.02 6039.73 85.29 4.55 
6125.02 6081.45 43.57 4.56 
6125.02 6090.21 34.81 4.53 
6125.02 6111.65 13.37 4.57 
6125.02 6135.36 10.34 4.56 
6125.02 6216.35 91.33 5.33 
6125.02 6224.51 99.49 5.32 
6125.02 6251.83 126.81 5.32 
6125.02 6274.66 149.64 5.34 
6125.02 6285.17 160.15 5.33 
6125.02 6330.13 205.11 4.67 
6125.02 6007.31 117.71 3.93 
6125.02 6108.12 16.9 3.93 
6125.02 6128.98 3.96 3.93 
6125.02 6177.25 52.23 3.78 
6125.02 6327.6 202.58 3.93 
6125.02 6141.73 16.71 4.91 
6142.49 6156.02 13.53 3.1 
6142.49 6161.29 18.8 3.1 
6142.49 6166.44 23.95 3.1 
6142.49 6169.04 26.55 3.1 
6142.49 6245.62 103.13 4.11 
6142.49 6320.84 178.35 4.12 
6142.49 5965.84 176.65 3.74 
6142.49 5978.55 163.94 3.75 
6142.49 6064.63 77.86 4.57 
6142.49 6091.18 51.31 3.35 
6142.49 6126.22 16.27 4.55 
6142.49 6258.11 115.62 4.18 
6142.49 6261.1 118.61 4.19 
6142.49 6039.73 102.76 4.56 
6142.49 6081.45 61.04 4.57 
6142.49 6090.21 52.28 4.54 
6142.49 6111.65 30.84 4.58 
6142.49 6135.36 7.13 4.57 
6142.49 6216.35 73.86 5.34 
6142.49 6224.51 82.02 5.33 
6142.49 6251.83 109.34 5.33 
6142.49 6274.66 132.17 5.35 
6142.49 6285.17 142.68 5.34 
6142.49 6330.13 187.64 4.68 
6142.49 6007.31 135.18 3.94 
6142.49 6108.12 34.37 3.94 
6142.49 6128.98 13.51 3.94 
6142.49 6177.25 34.76 3.79 
6142.49 6327.6 185.11 3.94 
6142.49 6141.73 0.76 4.92 
6145.02 6156.02 11.0 3.1 
6145.02 6161.29 16.27 3.1 
6145.02 6166.44 21.42 3.1 
6145.02 6169.04 24.02 3.1 
6145.02 6245.62 100.6 4.11 
6145.02 6320.84 175.82 4.12 
6145.02 5965.84 179.18 3.74 
6145.02 5978.55 166.47 3.75 
6145.02 6064.63 80.39 4.57 
6145.02 6091.18 53.84 3.35 
6145.02 6126.22 18.8 4.55 
6145.02 6258.11 113.09 4.18 
6145.02 6261.1 116.08 4.19 
6145.02 6039.73 105.29 4.56 
6145.02 6081.45 63.57 4.57 
6145.02 6090.21 54.81 4.54 
6145.02 6111.65 33.37 4.58 
6145.02 6135.36 9.66 4.57 
6145.02 6216.35 71.33 5.34 
6145.02 6224.51 79.49 5.33 
6145.02 6251.83 106.81 5.33 
6145.02 6274.66 129.64 5.35 
6145.02 6285.17 140.15 5.34 
6145.02 6330.13 185.11 4.68 
6145.02 6007.31 137.71 3.94 
6145.02 6108.12 36.9 3.94 
6145.02 6128.98 16.04 3.94 
6145.02 6177.25 32.23 3.79 
6145.02 6327.6 182.58 3.94 
6145.02 6141.73 3.29 4.92 
6195.46 6156.02 39.44 3.35 
6195.46 6161.29 34.17 3.35 
6195.46 6166.44 29.02 3.35 
6195.46 6169.04 26.42 3.35 
6195.46 6245.62 50.16 4.36 
6195.46 6320.84 125.38 4.37 
6195.46 6064.63 130.83 4.82 
6195.46 6091.18 104.28 3.6 
6195.46 6126.22 69.24 4.8 
6195.46 6258.11 62.65 4.43 
6195.46 6261.1 65.64 4.44 
6195.46 6039.73 155.73 4.81 
6195.46 6081.45 114.01 4.82 
6195.46 6090.21 105.25 4.79 
6195.46 6111.65 83.81 4.83 
6195.46 6135.36 60.1 4.82 
6195.46 6216.35 20.89 5.59 
6195.46 6224.51 29.05 5.58 
6195.46 6251.83 56.37 5.58 
6195.46 6274.66 79.2 5.6 
6195.46 6285.17 89.71 5.59 
6195.46 6330.13 134.67 4.93 
6195.46 6007.31 188.15 4.19 
6195.46 6108.12 87.34 4.19 
6195.46 6128.98 66.48 4.19 
6195.46 6177.25 18.21 4.04 
6195.46 6327.6 132.14 4.19 
6195.46 6141.73 53.73 5.17 
6237.33 6156.02 81.31 3.09 
6237.33 6161.29 76.04 3.09 
6237.33 6166.44 70.89 3.09 
6237.33 6169.04 68.29 3.09 
6237.33 6245.62 8.29 4.1 
6237.33 6320.84 83.51 4.11 
6237.33 6064.63 172.7 4.56 
6237.33 6091.18 146.15 3.34 
6237.33 6126.22 111.11 4.54 
6237.33 6258.11 20.78 4.17 
6237.33 6261.1 23.77 4.18 
6237.33 6039.73 197.6 4.55 
6237.33 6081.45 155.88 4.56 
6237.33 6090.21 147.12 4.53 
6237.33 6111.65 125.68 4.57 
6237.33 6135.36 101.97 4.56 
6237.33 6216.35 20.98 5.33 
6237.33 6224.51 12.82 5.32 
6237.33 6251.83 14.5 5.32 
6237.33 6274.66 37.33 5.34 
6237.33 6285.17 47.84 5.33 
6237.33 6330.13 92.8 4.67 
6237.33 6108.12 129.21 3.93 
6237.33 6128.98 108.35 3.93 
6237.33 6177.25 60.08 3.78 
6237.33 6327.6 90.27 3.93 
6237.33 6141.73 95.6 4.91 
6243.82 6156.02 87.8 3.1 
6243.82 6161.29 82.53 3.1 
6243.82 6166.44 77.38 3.1 
6243.82 6169.04 74.78 3.1 
6243.82 6449.82 206.0 3.1 
6243.82 6245.62 1.8 4.11 
6243.82 6320.84 77.02 4.12 
6243.82 6064.63 179.19 4.57 
6243.82 6091.18 152.64 3.35 
6243.82 6126.22 117.6 4.55 
6243.82 6258.11 14.29 4.18 
6243.82 6261.1 17.28 4.19 
6243.82 6039.73 204.09 4.56 
6243.82 6081.45 162.37 4.57 
6243.82 6090.21 153.61 4.54 
6243.82 6111.65 132.17 4.58 
6243.82 6135.36 108.46 4.57 
6243.82 6216.35 27.47 5.34 
6243.82 6224.51 19.31 5.33 
6243.82 6251.83 8.01 5.33 
6243.82 6274.66 30.84 5.35 
6243.82 6285.17 41.35 5.34 
6243.82 6330.13 86.31 4.68 
6243.82 6108.12 135.7 3.94 
6243.82 6128.98 114.84 3.94 
6243.82 6177.25 66.57 3.79 
6243.82 6327.6 83.78 3.94 
6243.82 6141.73 102.09 4.92 
6244.48 6156.02 88.46 3.1 
6244.48 6161.29 83.19 3.1 
6244.48 6166.44 78.04 3.1 
6244.48 6169.04 75.44 3.1 
6244.48 6449.82 205.34 3.1 
6244.48 6245.62 1.14 4.11 
6244.48 6320.84 76.36 4.12 
6244.48 6064.63 179.85 4.57 
6244.48 6091.18 153.3 3.35 
6244.48 6126.22 118.26 4.55 
6244.48 6258.11 13.63 4.18 
6244.48 6261.1 16.62 4.19 
6244.48 6039.73 204.75 4.56 
6244.48 6081.45 163.03 4.57 
6244.48 6090.21 154.27 4.54 
6244.48 6111.65 132.83 4.58 
6244.48 6135.36 109.12 4.57 
6244.48 6216.35 28.13 5.34 
6244.48 6224.51 19.97 5.33 
6244.48 6251.83 7.35 5.33 
6244.48 6274.66 30.18 5.35 
6244.48 6285.17 40.69 5.34 
6244.48 6330.13 85.65 4.68 
6244.48 6108.12 136.36 3.94 
6244.48 6128.98 115.5 3.94 
6244.48 6177.25 67.23 3.79 
6244.48 6327.6 83.12 3.94 
6244.48 6141.73 102.75 4.92 
6414.99 6449.82 34.83 3.35 
6414.99 6455.6 40.61 3.35 
6414.99 6471.67 56.68 3.34 
6414.99 6499.65 84.66 3.35 
6414.99 6245.62 169.37 4.36 
6414.99 6320.84 94.15 4.37 
6414.99 6604.6 189.61 4.51 
6414.99 6258.11 156.88 4.43 
6414.99 6261.1 153.89 4.44 
6414.99 6599.12 184.13 4.97 
6414.99 6216.35 198.64 5.59 
6414.99 6224.51 190.48 5.58 
6414.99 6251.83 163.16 5.58 
6414.99 6274.66 140.33 5.6 
6414.99 6285.17 129.82 5.59 
6414.99 6330.13 84.86 4.93 
6414.99 6327.6 87.39 4.19 
6414.99 6496.91 81.92 5.27 
6527.21 6449.82 77.39 3.35 
6527.21 6455.6 71.61 3.35 
6527.21 6471.67 55.54 3.34 
6527.21 6499.65 27.56 3.35 
6527.21 6320.84 206.37 4.37 
6527.21 6604.6 77.39 4.51 
6527.21 6599.12 71.91 4.97 
6527.21 6330.13 197.08 4.93 
6527.21 6327.6 199.61 4.19 
6527.21 6496.91 30.3 5.27 
6583.71 6449.82 133.89 3.43 
6583.71 6455.6 128.11 3.43 
6583.71 6471.67 112.04 3.42 
6583.71 6499.65 84.06 3.43 
6583.71 6604.6 20.89 4.59 
6583.71 6599.12 15.41 5.05 
6583.71 6767.78 184.07 4.12 
6583.71 6496.91 86.8 5.35 
6721.85 6604.6 117.25 4.5 
6721.85 6599.12 122.73 4.96 
6721.85 6814.95 93.1 3.9 
6721.85 6767.78 45.93 4.03 
6741.63 6604.6 137.03 4.62 
6741.63 6599.12 142.51 5.08 
6741.63 6814.95 73.32 4.02 
6741.63 6767.78 26.15 4.15 
6052.67 5867.56 185.11 4.94 
6052.67 6156.02 103.35 5.35 
6052.67 6161.29 108.62 5.35 
6052.67 6166.44 113.77 5.35 
6052.67 6169.04 116.37 5.35 
6052.67 6245.62 192.95 6.36 
6052.67 5866.45 186.22 6.8 
6052.67 5965.84 86.83 5.99 
6052.67 5978.55 74.12 6.0 
6052.67 6064.63 11.96 6.82 
6052.67 6091.18 38.51 5.6 
6052.67 6126.22 73.55 6.8 
6052.67 6258.11 205.44 6.43 
6052.67 6261.1 208.43 6.44 
6052.67 6039.73 12.94 6.81 
6052.67 6081.45 28.78 6.82 
6052.67 6090.21 37.54 6.79 
6052.67 6111.65 58.98 6.83 
6052.67 6135.36 82.69 6.82 
6052.67 6216.35 163.68 7.59 
6052.67 6224.51 171.84 7.58 
6052.67 6251.83 199.16 7.58 
6052.67 5847.0 205.67 6.19 
6052.67 5996.73 55.94 3.63 
6052.67 6007.31 45.36 6.19 
6052.67 6086.29 33.62 3.6 
6052.67 6108.12 55.45 6.19 
6052.67 6111.08 58.41 3.78 
6052.67 6119.76 67.09 3.6 
6052.67 6128.98 76.31 6.19 
6052.67 6130.14 77.47 3.6 
6052.67 6175.37 122.7 3.78 
6052.67 6176.82 124.15 3.78 
6052.67 6177.25 124.58 6.04 
6052.67 6186.72 134.05 3.76 
6052.67 6204.61 151.94 3.78 
6052.67 6223.99 171.32 3.76 
6052.67 6230.1 177.43 3.76 
6052.67 5853.69 198.98 7.27 
6052.67 6141.73 89.06 7.17 
6757.17 6604.6 152.57 6.51 
6757.17 6599.12 158.05 6.97 
6757.17 6661.08 96.09 3.68 
6757.17 6882.52 125.35 4.43 
6757.17 6814.95 57.78 5.91 
6757.17 6598.6 158.57 3.63 
6757.17 6635.13 122.04 3.45 
6757.17 6767.78 10.61 6.04 
6757.17 6772.32 15.15 4.21 
6757.17 6842.04 84.87 4.21 
6156.02 6362.35 206.33 3.27 
6161.29 6362.35 201.06 3.27 
6166.44 6362.35 195.91 3.27 
6169.04 6362.35 193.31 3.27 
6449.82 6362.35 87.47 3.27 
6455.6 6362.35 93.25 3.27 
6471.67 6362.35 109.32 3.26 
6499.65 6362.35 137.3 3.27 
6245.62 6362.35 116.73 4.28 
6320.84 6362.35 41.51 4.29 
6604.6 6635.13 30.53 3.06 
4555.49 4588.2 32.71 3.22 
4555.49 4592.05 36.56 3.22 
4562.63 4575.11 12.48 3.35 
4562.63 4633.25 70.62 3.11 
4562.63 4708.02 145.39 3.15 
4562.63 4730.72 168.09 3.06 
4562.63 4767.86 205.23 3.54 
4562.63 4588.2 25.57 4.05 
4562.63 4592.05 29.42 4.05 
4562.63 4594.63 32.0 3.61 
4562.63 4512.99 49.64 3.69 
4656.47 4575.11 81.36 3.37 
4656.47 4633.25 23.22 3.13 
4656.47 4708.02 51.55 3.17 
4656.47 4730.72 74.25 3.08 
4656.47 4767.86 111.39 3.56 
4656.47 4775.14 118.67 3.55 
4656.47 4588.2 68.27 4.07 
4656.47 4592.05 64.42 4.07 
4656.47 4594.63 61.84 3.63 
4656.47 4792.86 136.39 3.25 
4656.47 4813.48 157.01 3.22 
4656.47 4512.99 143.48 3.71 
4656.47 4811.99 155.52 3.66 
4656.47 4814.6 158.13 3.6 
4656.47 4810.54 154.07 4.08 
4675.11 4588.2 86.91 3.0 
4675.11 4592.05 83.06 3.0 
4675.11 4810.54 135.43 3.01 
4722.61 4588.2 134.41 3.02 
4722.61 4592.05 130.56 3.02 
4722.61 4810.54 87.93 3.03 
4997.1 4911.2 85.9 3.12 
4997.1 4936.34 60.76 3.11 
4997.1 4884.61 112.49 3.86 
4997.1 4792.86 204.24 3.25 
4997.1 4813.48 183.62 3.22 
4997.1 4811.99 185.11 3.66 
4997.1 4814.6 182.5 3.6 
4997.1 4913.98 83.12 3.74 
4997.1 4946.04 51.06 3.8 
4997.1 4952.29 44.81 3.61 
4997.1 4995.66 1.44 3.63 
4997.1 5081.11 84.01 3.85 
4997.1 5094.41 97.31 3.83 
4997.1 5010.94 13.84 3.63 
4997.1 4810.54 186.56 4.08 
5016.17 4884.61 131.56 3.01 
5016.17 5081.11 64.94 3.0 
5016.17 4810.54 205.63 3.23 
5039.96 4911.2 128.76 3.1 
5039.96 4936.34 103.62 3.09 
5039.96 5214.14 174.18 3.35 
5039.96 4884.61 155.35 3.84 
5039.96 4913.98 125.98 3.72 
5039.96 4946.04 93.92 3.78 
5039.96 4952.29 87.67 3.59 
5039.96 4995.66 44.3 3.61 
5039.96 5081.11 41.15 3.83 
5039.96 5094.41 54.45 3.81 
5039.96 5010.94 29.02 3.61 
5039.96 5218.21 178.25 3.8 
5039.96 5220.09 180.13 3.8 
5219.7 5214.14 5.56 3.35 
5219.7 5287.18 67.48 3.42 
5219.7 5377.62 157.92 3.82 
5219.7 5399.47 179.77 3.83 
5219.7 5413.67 193.97 3.84 
5219.7 5342.71 123.01 4.0 
5219.7 5352.05 132.35 3.56 
5219.7 5359.2 139.5 4.13 
5219.7 5081.11 138.59 3.83 
5219.7 5094.41 125.29 3.81 
5219.7 5010.94 208.76 3.61 
5219.7 5392.33 172.63 4.13 
5219.7 5218.21 1.49 3.8 
5219.7 5220.09 0.39 3.8 
5866.45 5682.2 184.25 3.03 
5866.45 5694.99 171.46 3.02 
5866.45 5805.22 61.23 3.1 
5866.45 5996.73 130.28 3.17 
6064.63 5996.73 67.9 3.19 
6064.63 6086.29 21.66 3.22 
6064.63 6111.08 46.45 3.04 
6064.63 6119.76 55.13 3.22 
6064.63 6130.14 65.51 3.22 
6064.63 6175.37 110.74 3.04 
6064.63 6176.82 112.19 3.04 
6064.63 6186.72 122.09 3.06 
6064.63 6204.61 139.98 3.04 
6064.63 6223.99 159.36 3.06 
6064.63 6230.1 165.47 3.06 
6126.22 5996.73 129.49 3.17 
6126.22 6086.29 39.93 3.2 
6126.22 6111.08 15.14 3.02 
6126.22 6119.76 6.46 3.2 
6126.22 6130.14 3.92 3.2 
6126.22 6175.37 49.15 3.02 
6126.22 6176.82 50.6 3.02 
6126.22 6186.72 60.5 3.04 
6126.22 6204.61 78.39 3.02 
6126.22 6223.99 97.77 3.04 
6126.22 6230.1 103.88 3.04 
6126.22 6322.17 195.95 3.08 
6258.11 6362.35 104.24 4.35 
6261.1 6362.35 101.25 4.36 
6599.12 6661.08 61.96 3.29 
6599.12 6598.6 0.52 3.34 
6599.12 6635.13 36.01 3.52 
5670.85 5625.32 45.53 3.01 
5670.85 5628.35 42.5 3.01 
5670.85 5641.88 28.97 3.03 
5670.85 5643.08 27.77 3.08 
5670.85 5682.2 11.35 3.02 
5670.85 5694.99 24.14 3.01 
5670.85 5805.22 134.37 3.09 
5703.59 5625.32 78.27 3.04 
5703.59 5628.35 75.24 3.04 
5703.59 5641.88 61.71 3.06 
5703.59 5643.08 60.51 3.11 
5703.59 5682.2 21.39 3.05 
5703.59 5694.99 8.6 3.04 
5703.59 5805.22 101.63 3.12 
5727.05 5625.32 101.73 3.01 
5727.05 5628.35 98.7 3.01 
5727.05 5641.88 85.17 3.03 
5727.05 5643.08 83.97 3.08 
5727.05 5682.2 44.85 3.02 
5727.05 5694.99 32.06 3.01 
5727.05 5805.22 78.17 3.09 
5737.07 5625.32 111.75 3.03 
5737.07 5628.35 108.72 3.03 
5737.07 5641.88 95.19 3.05 
5737.07 5643.08 93.99 3.1 
5737.07 5682.2 54.87 3.04 
5737.07 5694.99 42.08 3.03 
5737.07 5805.22 68.15 3.11 
6039.73 5996.73 43.0 3.18 
6039.73 6086.29 46.56 3.21 
6039.73 6111.08 71.35 3.03 
6039.73 6119.76 80.03 3.21 
6039.73 6130.14 90.41 3.21 
6039.73 6175.37 135.64 3.03 
6039.73 6176.82 137.09 3.03 
6039.73 6186.72 146.99 3.05 
6039.73 6204.61 164.88 3.03 
6039.73 6223.99 184.26 3.05 
6039.73 6230.1 190.37 3.05 
6081.45 5996.73 84.72 3.19 
6081.45 6086.29 4.84 3.22 
6081.45 6111.08 29.63 3.04 
6081.45 6119.76 38.31 3.22 
6081.45 6130.14 48.69 3.22 
6081.45 6175.37 93.92 3.04 
6081.45 6176.82 95.37 3.04 
6081.45 6186.72 105.27 3.06 
6081.45 6204.61 123.16 3.04 
6081.45 6223.99 142.54 3.06 
6081.45 6230.1 148.65 3.06 
6090.21 5996.73 93.48 3.16 
6090.21 6086.29 3.92 3.19 
6090.21 6111.08 20.87 3.01 
6090.21 6119.76 29.55 3.19 
6090.21 6130.14 39.93 3.19 
6090.21 6175.37 85.16 3.01 
6090.21 6176.82 86.61 3.01 
6090.21 6186.72 96.51 3.03 
6090.21 6204.61 114.4 3.01 
6090.21 6223.99 133.78 3.03 
6090.21 6230.1 139.89 3.03 
6111.65 5996.73 114.92 3.2 
6111.65 6086.29 25.36 3.23 
6111.65 6111.08 0.57 3.05 
6111.65 6119.76 8.11 3.23 
6111.65 6130.14 18.49 3.23 
6111.65 6175.37 63.72 3.05 
6111.65 6176.82 65.17 3.05 
6111.65 6186.72 75.07 3.07 
6111.65 6204.61 92.96 3.05 
6111.65 6223.99 112.34 3.07 
6111.65 6230.1 118.45 3.07 
6135.36 5996.73 138.63 3.19 
6135.36 6086.29 49.07 3.22 
6135.36 6111.08 24.28 3.04 
6135.36 6119.76 15.6 3.22 
6135.36 6130.14 5.22 3.22 
6135.36 6175.37 40.01 3.04 
6135.36 6176.82 41.46 3.04 
6135.36 6186.72 51.36 3.06 
6135.36 6204.61 69.25 3.04 
6135.36 6223.99 88.63 3.06 
6135.36 6230.1 94.74 3.06 
6135.36 6322.17 186.81 3.1 
6216.35 6086.29 130.06 3.99 
6216.35 6111.08 105.27 3.81 
6216.35 6119.76 96.59 3.99 
6216.35 6130.14 86.21 3.99 
6216.35 6175.37 40.98 3.81 
6216.35 6176.82 39.53 3.81 
6216.35 6186.72 29.63 3.83 
6216.35 6204.61 11.74 3.81 
6216.35 6223.99 7.64 3.83 
6216.35 6230.1 13.75 3.83 
6216.35 6322.17 105.82 3.87 
6216.35 6360.81 144.46 3.89 
6216.35 6378.26 161.91 3.87 
6216.35 6362.35 146.0 5.51 
6224.51 6086.29 138.22 3.98 
6224.51 6111.08 113.43 3.8 
6224.51 6119.76 104.75 3.98 
6224.51 6130.14 94.37 3.98 
6224.51 6175.37 49.14 3.8 
6224.51 6176.82 47.69 3.8 
6224.51 6186.72 37.79 3.82 
6224.51 6204.61 19.9 3.8 
6224.51 6223.99 0.52 3.82 
6224.51 6230.1 5.59 3.82 
6224.51 6322.17 97.66 3.86 
6224.51 6360.81 136.3 3.88 
6224.51 6378.26 153.75 3.86 
6224.51 6362.35 137.84 5.5 
6251.83 6086.29 165.54 3.98 
6251.83 6111.08 140.75 3.8 
6251.83 6119.76 132.07 3.98 
6251.83 6130.14 121.69 3.98 
6251.83 6175.37 76.46 3.8 
6251.83 6176.82 75.01 3.8 
6251.83 6186.72 65.11 3.82 
6251.83 6204.61 47.22 3.8 
6251.83 6223.99 27.84 3.82 
6251.83 6230.1 21.73 3.82 
6251.83 6322.17 70.34 3.86 
6251.83 6360.81 108.98 3.88 
6251.83 6378.26 126.43 3.86 
6251.83 6362.35 110.52 5.5 
6274.66 6086.29 188.37 4.0 
6274.66 6111.08 163.58 3.82 
6274.66 6119.76 154.9 4.0 
6274.66 6130.14 144.52 4.0 
6274.66 6175.37 99.29 3.82 
6274.66 6176.82 97.84 3.82 
6274.66 6186.72 87.94 3.84 
6274.66 6204.61 70.05 3.82 
6274.66 6223.99 50.67 3.84 
6274.66 6230.1 44.56 3.84 
6274.66 6322.17 47.51 3.88 
6274.66 6360.81 86.15 3.9 
6274.66 6378.26 103.6 3.88 
6274.66 6362.35 87.69 5.52 
6285.17 6086.29 198.88 3.99 
6285.17 6111.08 174.09 3.81 
6285.17 6119.76 165.41 3.99 
6285.17 6130.14 155.03 3.99 
6285.17 6175.37 109.8 3.81 
6285.17 6176.82 108.35 3.81 
6285.17 6186.72 98.45 3.83 
6285.17 6204.61 80.56 3.81 
6285.17 6223.99 61.18 3.83 
6285.17 6230.1 55.07 3.83 
6285.17 6322.17 37.0 3.87 
6285.17 6360.81 75.64 3.89 
6285.17 6378.26 93.09 3.87 
6285.17 6362.35 77.18 5.51 
4600.75 4588.2 12.55 3.07 
4600.75 4592.05 8.7 3.07 
4600.75 4810.54 209.79 3.08 
4626.18 4588.2 37.98 3.1 
4626.18 4592.05 34.13 3.1 
4626.18 4810.54 184.36 3.11 
4964.93 4810.54 154.39 3.14 
5247.57 5342.71 95.14 3.06 
5247.57 5359.2 111.63 3.19 
5247.57 5392.33 144.76 3.19 
5287.18 5092.8 194.38 3.06 
5296.7 5342.71 46.01 3.04 
5296.7 5359.2 62.5 3.17 
5296.7 5392.33 95.63 3.17 
5300.75 5342.71 41.96 3.04 
5300.75 5359.2 58.45 3.17 
5300.75 5392.33 91.58 3.17 
6330.13 6130.14 199.99 3.33 
6330.13 6175.37 154.76 3.15 
6330.13 6176.82 153.31 3.15 
6330.13 6186.72 143.41 3.17 
6330.13 6204.61 125.52 3.15 
6330.13 6223.99 106.14 3.17 
6330.13 6230.1 100.03 3.17 
6330.13 6322.17 7.96 3.21 
6330.13 6360.81 30.68 3.23 
6330.13 6378.26 48.13 3.21 
6330.13 6362.35 32.22 4.85 
6661.08 6496.91 164.17 3.59 
4884.61 5092.8 208.19 3.48 
5342.71 5200.42 142.29 3.03 
5359.2 5200.42 158.78 3.16 
4913.98 5092.8 178.82 3.36 
4946.04 5092.8 146.76 3.42 
4952.29 5092.8 140.51 3.23 
4995.66 5092.8 97.14 3.25 
5081.11 5092.8 11.69 3.47 
5094.41 5092.8 1.61 3.45 
5010.94 5092.8 81.86 3.25 
5392.33 5200.42 191.91 3.16 
5682.2 5853.69 171.49 3.5 
5694.99 5853.69 158.7 3.49 
5805.22 5853.69 48.47 3.57 
5996.73 5853.69 143.04 3.64 
5996.73 6141.73 145.0 3.54 
6086.29 6141.73 55.44 3.57 
6111.08 6141.73 30.65 3.39 
6119.76 6141.73 21.97 3.57 
6130.14 6141.73 11.59 3.57 
6175.37 6141.73 33.64 3.39 
6176.82 6141.73 35.09 3.39 
6177.25 6362.35 185.1 3.96 
6186.72 6141.73 44.99 3.41 
6204.61 6141.73 62.88 3.39 
6223.99 6141.73 82.26 3.41 
6230.1 6141.73 88.37 3.41 
6322.17 6141.73 180.44 3.45 
6322.17 6496.91 174.74 3.55 
6327.6 6362.35 34.75 4.11 
6360.81 6496.91 136.1 3.57 
6378.26 6496.91 118.65 3.55 
6598.6 6496.91 101.69 3.64 
6635.13 6496.91 138.22 3.82 
5218.21 5092.8 125.41 3.44 
5220.09 5092.8 127.29 3.44 
4810.54 4900.12 89.58 3.05 
6362.35 6496.91 134.56 5.19 
