Constraints: <70.0 >3.0 
0 74 
0 75 
0 77 
0 78 
0 79 
0 81 
0 82 
0 84 
0 85 
0 86 
0 87 
0 90 
0 91 
0 92 
0 93 
0 94 
0 95 
0 275 
0 276 
0 278 
0 424 
0 427 
0 506 
0 507 
1 164 
1 382 
1 515 
2 192 
2 336 
2 385 
2 403 
2 404 
2 405 
2 406 
2 483 
2 485 
3 303 
3 325 
3 326 
3 327 
3 328 
3 329 
3 330 
4 235 
4 242 
4 299 
4 337 
5 334 
5 335 
5 337 
6 361 
7 361 
8 361 
9 360 
9 361 
11 361 
13 361 
14 361 
17 360 
17 361 
17 362 
18 361 
18 362 
20 24 
20 26 
21 360 
21 361 
21 362 
21 415 
22 361 
22 362 
24 361 
24 362 
24 363 
24 391 
24 392 
24 393 
24 414 
24 415 
26 362 
26 363 
26 365 
26 392 
26 393 
26 394 
26 414 
26 415 
27 362 
29 31 
29 350 
29 365 
29 394 
31 40 
40 350 
40 366 
48 368 
49 54 
49 368 
49 369 
49 423 
49 510 
50 368 
51 54 
51 368 
51 369 
51 423 
51 510 
52 54 
52 368 
52 369 
52 423 
52 510 
53 54 
53 300 
53 368 
53 369 
53 370 
53 423 
54 300 
55 300 
56 300 
57 300 
57 368 
57 370 
57 518 
58 62 
58 65 
58 68 
58 300 
58 369 
58 370 
58 511 
58 518 
59 300 
60 62 
60 65 
60 68 
60 300 
60 369 
60 370 
60 511 
60 518 
61 62 
61 65 
61 68 
61 300 
61 369 
61 370 
61 511 
61 518 
62 63 
62 64 
62 67 
62 300 
63 65 
63 68 
63 72 
63 300 
63 370 
63 511 
63 518 
64 65 
64 68 
64 72 
64 300 
64 370 
64 511 
64 518 
65 67 
65 73 
65 300 
66 300 
67 68 
67 72 
67 300 
67 370 
67 511 
67 518 
68 69 
68 73 
68 74 
68 75 
68 77 
68 78 
69 518 
72 73 
72 74 
72 75 
72 77 
72 78 
72 79 
73 83 
73 375 
73 512 
73 518 
74 83 
74 373 
74 374 
74 375 
74 426 
74 512 
75 83 
75 88 
75 375 
75 426 
75 512 
77 83 
77 88 
77 375 
77 426 
77 512 
78 83 
78 88 
78 375 
78 426 
78 512 
79 83 
79 88 
79 375 
79 426 
79 512 
81 83 
81 88 
81 375 
82 83 
82 88 
82 375 
83 84 
83 85 
83 86 
83 87 
83 90 
83 91 
83 92 
83 93 
83 94 
83 95 
83 275 
83 276 
83 278 
83 424 
83 427 
83 506 
83 507 
84 88 
84 375 
84 426 
84 428 
84 512 
85 88 
85 375 
86 88 
86 375 
87 88 
87 375 
87 426 
87 428 
87 429 
87 512 
88 90 
88 91 
88 92 
88 93 
88 94 
88 95 
88 275 
88 276 
88 278 
88 424 
88 427 
88 506 
88 507 
90 375 
91 375 
92 375 
93 426 
93 428 
93 429 
95 426 
95 428 
95 429 
96 301 
96 428 
96 429 
97 301 
98 301 
99 282 
99 301 
100 301 
101 301 
102 301 
103 301 
104 301 
105 301 
106 301 
107 301 
108 301 
109 301 
110 282 
110 301 
111 301 
114 282 
127 351 
127 353 
127 468 
127 469 
130 354 
131 399 
132 399 
133 352 
133 354 
133 355 
133 356 
133 399 
133 400 
133 468 
133 469 
134 399 
134 400 
136 399 
136 400 
137 399 
137 400 
138 305 
138 352 
138 354 
138 355 
138 356 
138 399 
138 400 
138 469 
139 352 
139 399 
139 400 
140 399 
140 400 
141 399 
141 400 
142 399 
142 400 
142 401 
143 399 
143 400 
143 401 
144 399 
144 400 
144 401 
144 402 
145 352 
145 354 
145 355 
145 356 
145 399 
145 400 
145 401 
145 402 
146 399 
146 400 
146 401 
146 402 
147 320 
148 399 
148 400 
148 401 
148 402 
149 352 
149 354 
149 355 
149 356 
149 399 
149 400 
149 401 
149 402 
150 399 
150 400 
150 401 
150 402 
151 399 
151 400 
151 401 
151 402 
152 400 
152 401 
152 402 
153 356 
153 400 
153 401 
153 402 
154 401 
154 402 
155 401 
155 402 
156 401 
156 402 
156 515 
157 164 
157 382 
157 402 
157 515 
158 515 
159 382 
159 515 
160 382 
160 515 
161 382 
161 515 
163 164 
163 382 
163 515 
164 166 
164 167 
164 168 
164 322 
165 382 
165 515 
166 382 
166 515 
167 174 
167 382 
167 515 
168 174 
168 382 
168 515 
170 174 
170 382 
171 174 
171 382 
172 174 
172 382 
173 174 
174 175 
174 176 
174 177 
174 179 
174 323 
174 482 
175 336 
175 403 
176 336 
176 403 
176 483 
177 336 
177 403 
177 483 
178 336 
179 336 
179 385 
179 403 
179 404 
179 405 
180 336 
180 385 
180 403 
180 404 
180 405 
181 336 
181 385 
181 403 
181 404 
181 405 
182 336 
182 385 
182 403 
182 404 
182 405 
183 192 
183 336 
183 385 
183 403 
183 404 
183 405 
183 406 
184 324 
184 336 
185 192 
185 336 
185 385 
185 387 
185 403 
185 404 
185 405 
185 406 
185 407 
185 485 
185 488 
185 516 
186 192 
186 336 
186 385 
186 387 
186 403 
186 404 
186 405 
186 406 
186 407 
186 516 
187 324 
187 325 
187 326 
187 336 
188 192 
188 303 
188 336 
188 385 
188 387 
188 403 
188 404 
188 405 
188 406 
188 407 
188 516 
189 192 
189 303 
189 336 
189 385 
189 387 
189 403 
189 404 
189 405 
189 406 
189 407 
189 516 
190 192 
190 303 
190 336 
190 516 
191 192 
191 303 
191 336 
191 385 
191 387 
191 403 
191 404 
191 405 
191 406 
191 407 
191 516 
192 193 
192 195 
192 196 
192 197 
192 200 
192 303 
192 324 
192 325 
192 326 
192 336 
192 484 
192 486 
192 487 
192 489 
192 490 
192 491 
192 493 
193 303 
193 385 
193 387 
193 404 
193 405 
193 406 
193 407 
193 516 
194 303 
194 324 
194 325 
194 326 
194 327 
195 303 
195 387 
195 405 
195 406 
195 407 
195 408 
195 409 
195 516 
196 303 
196 387 
196 405 
196 406 
196 407 
196 408 
196 409 
196 516 
197 303 
197 387 
197 406 
197 407 
197 408 
197 409 
197 516 
198 303 
198 324 
198 325 
198 326 
198 327 
198 328 
199 303 
199 327 
200 303 
200 408 
200 409 
200 410 
200 516 
201 303 
201 326 
201 327 
201 328 
201 329 
201 330 
202 303 
202 327 
202 328 
202 329 
202 330 
203 303 
203 408 
203 409 
203 410 
203 411 
203 412 
204 303 
204 408 
204 409 
204 410 
204 411 
204 412 
205 327 
206 304 
206 408 
206 409 
206 410 
206 411 
206 412 
207 327 
207 328 
207 329 
207 330 
208 327 
208 328 
208 329 
208 330 
210 217 
210 304 
210 357 
210 358 
210 388 
210 389 
210 409 
210 410 
210 411 
210 412 
210 433 
210 498 
211 328 
211 329 
211 330 
211 509 
212 217 
212 304 
212 410 
212 411 
212 412 
212 433 
213 217 
213 304 
213 410 
213 411 
213 412 
213 433 
214 509 
215 509 
216 304 
216 411 
216 412 
217 218 
217 219 
217 293 
217 294 
217 310 
217 311 
217 331 
217 497 
217 499 
217 500 
217 509 
218 433 
219 358 
219 433 
219 498 
220 296 
220 331 
220 509 
221 296 
221 331 
221 509 
222 296 
222 331 
222 332 
223 296 
223 332 
224 229 
224 302 
224 332 
224 333 
225 302 
225 332 
225 333 
226 302 
226 333 
227 302 
227 333 
228 229 
228 231 
228 302 
228 333 
228 434 
228 501 
228 502 
229 302 
229 359 
229 390 
230 302 
230 333 
231 299 
231 302 
231 390 
232 235 
232 242 
232 299 
232 337 
233 334 
233 335 
233 337 
234 235 
234 242 
234 299 
234 337 
235 236 
235 238 
235 240 
235 241 
235 243 
235 245 
235 334 
235 335 
235 337 
236 242 
236 299 
236 337 
237 299 
237 337 
238 242 
238 299 
238 337 
239 299 
239 337 
240 242 
240 299 
240 337 
241 242 
241 299 
241 337 
242 243 
242 245 
242 247 
242 334 
242 335 
242 337 
243 299 
243 337 
244 299 
244 337 
245 299 
245 337 
246 337 
247 337 
248 335 
248 337 
249 337 
250 337 
275 375 
276 375 
278 375 
280 282 
280 301 
281 282 
281 301 
282 376 
282 397 
282 398 
282 466 
282 513 
285 336 
286 336 
287 303 
287 336 
288 303 
288 408 
288 516 
289 304 
289 408 
289 409 
289 410 
289 411 
289 412 
290 304 
290 408 
290 409 
290 410 
290 411 
290 412 
291 304 
291 408 
291 409 
291 410 
291 411 
291 412 
296 346 
296 347 
296 348 
296 349 
296 517 
297 517 
298 333 
299 312 
299 313 
299 334 
299 335 
299 337 
299 434 
299 504 
300 368 
300 369 
300 370 
300 371 
300 372 
300 373 
300 461 
300 462 
300 463 
300 464 
300 511 
300 514 
300 518 
301 339 
301 397 
301 398 
301 442 
301 443 
301 444 
301 449 
301 450 
301 451 
301 465 
301 466 
301 513 
302 359 
302 390 
302 501 
302 502 
303 306 
303 307 
303 324 
303 325 
303 326 
303 327 
303 342 
303 343 
303 344 
303 345 
303 386 
303 387 
303 405 
303 406 
303 407 
303 408 
303 409 
303 485 
303 486 
303 487 
303 488 
303 489 
303 490 
303 491 
303 492 
303 493 
303 494 
303 495 
303 516 
304 310 
304 311 
304 328 
304 329 
304 330 
304 497 
304 499 
304 509 
305 320 
306 324 
306 325 
306 326 
306 327 
307 324 
307 325 
307 326 
307 327 
308 363 
308 365 
308 394 
309 399 
309 400 
309 401 
309 402 
310 358 
310 388 
310 389 
310 410 
310 411 
310 412 
310 433 
310 498 
311 358 
311 388 
311 389 
311 410 
311 411 
311 412 
311 433 
311 498 
312 337 
313 337 
314 351 
314 353 
314 376 
314 468 
315 352 
315 354 
315 355 
315 356 
315 399 
315 468 
315 469 
316 352 
316 354 
316 355 
316 356 
316 399 
316 400 
316 468 
316 469 
317 352 
317 354 
317 355 
317 356 
317 399 
317 400 
317 401 
317 402 
317 480 
318 352 
318 354 
318 355 
318 356 
318 399 
318 400 
318 401 
318 402 
318 480 
319 352 
319 354 
319 355 
319 356 
319 399 
319 400 
319 401 
319 402 
319 480 
320 356 
320 380 
320 400 
320 401 
320 402 
320 478 
320 480 
321 400 
321 401 
321 402 
321 478 
321 480 
322 382 
322 402 
322 478 
322 479 
322 480 
322 515 
323 383 
323 384 
323 483 
324 342 
324 343 
324 344 
324 345 
324 385 
324 386 
324 387 
324 404 
324 405 
324 406 
324 407 
324 485 
324 488 
324 492 
324 516 
325 342 
325 343 
325 344 
325 345 
325 386 
325 387 
325 404 
325 405 
325 406 
325 407 
325 485 
325 488 
325 492 
325 516 
326 342 
326 343 
326 344 
326 345 
326 386 
326 387 
326 404 
326 405 
326 406 
326 407 
326 485 
326 488 
326 492 
326 516 
327 342 
327 343 
327 344 
327 345 
327 357 
327 387 
327 388 
327 389 
327 407 
327 408 
327 409 
327 410 
327 488 
327 492 
327 516 
328 345 
328 357 
328 388 
328 389 
328 408 
328 409 
328 410 
328 411 
328 412 
328 492 
329 357 
329 388 
329 389 
329 408 
329 409 
329 410 
329 411 
329 412 
329 492 
330 357 
330 388 
330 389 
330 408 
330 409 
330 410 
330 411 
330 412 
330 492 
331 346 
331 347 
331 348 
332 348 
332 349 
332 517 
333 359 
333 390 
334 503 
335 503 
336 385 
336 386 
336 403 
336 404 
336 405 
336 406 
336 482 
336 483 
336 484 
336 485 
336 486 
336 487 
337 453 
337 503 
337 504 
358 509 
359 502 
360 436 
360 437 
361 413 
361 436 
361 437 
361 445 
361 454 
362 416 
362 418 
362 436 
362 437 
362 445 
368 422 
368 458 
368 459 
368 461 
368 464 
369 462 
370 461 
370 462 
370 463 
370 464 
375 424 
375 427 
375 506 
375 507 
382 481 
385 482 
385 484 
385 486 
385 487 
385 489 
387 484 
387 486 
387 487 
387 489 
387 490 
387 491 
387 493 
390 434 
390 501 
390 502 
399 471 
399 472 
399 474 
399 475 
399 476 
399 477 
400 474 
400 475 
400 476 
400 477 
401 476 
401 477 
402 476 
402 477 
402 481 
403 482 
403 484 
404 484 
404 486 
404 487 
404 489 
405 484 
405 486 
405 487 
405 489 
406 484 
406 486 
406 487 
406 489 
406 490 
406 491 
407 484 
407 486 
407 487 
407 489 
407 490 
407 491 
407 493 
407 494 
408 490 
408 491 
408 493 
408 494 
408 495 
408 496 
409 490 
409 491 
409 493 
409 494 
409 495 
409 496 
410 493 
410 494 
410 495 
410 496 
411 495 
411 496 
411 497 
412 495 
412 496 
412 497 
414 436 
414 437 
415 436 
415 437 
428 449 
428 451 
429 449 
429 451 
433 497 
433 499 
433 500 
433 509 
462 518 
463 518 
481 515 
484 516 
486 516 
487 516 
489 516 
490 516 
491 516 
493 516 
494 516 
498 509 
