Constraints: <70.0 >3.0 
5247.06 5180.06 67.0 4.38 
5247.06 5187.91 59.15 4.05 
5247.06 5195.48 51.58 4.13 
5247.06 5196.06 51.0 4.17 
5247.06 5197.94 49.12 4.21 
5247.06 5217.4 29.66 3.12 
5247.06 5223.19 23.87 3.54 
5247.06 5228.38 18.68 4.13 
5247.06 5229.86 17.2 3.19 
5247.06 5242.5 4.56 3.54 
5247.06 5243.78 3.28 4.17 
5247.06 5253.47 6.41 3.19 
5247.06 5263.31 16.25 3.18 
5247.06 5288.53 41.47 3.6 
5247.06 5293.96 46.9 4.05 
5247.06 5294.55 47.49 3.55 
5247.06 5295.32 48.26 4.33 
5247.06 5197.57 49.49 3.14 
5247.06 5234.63 12.43 3.13 
5247.06 5264.81 17.75 3.14 
5247.06 5214.14 32.92 3.28 
5247.06 5287.18 40.12 3.35 
5247.06 5218.21 28.85 3.73 
5247.06 5220.09 26.97 3.73 
5855.08 5853.15 1.93 3.12 
5855.08 5866.45 11.37 3.54 
5855.08 5853.69 1.39 4.01 
6056.01 6120.25 64.24 3.81 
6056.01 6052.67 3.34 3.14 
6056.01 6064.63 8.62 3.68 
6056.01 6039.73 16.28 3.67 
6056.01 6081.45 25.44 3.68 
6056.01 6090.21 34.2 3.65 
6056.01 6111.65 55.64 3.69 
6056.01 6007.31 48.7 3.05 
6056.01 6108.12 52.11 3.05 
6200.32 6158.17 42.15 8.13 
6200.32 6142.49 57.83 3.01 
6200.32 6145.02 55.3 3.01 
6200.32 6195.46 4.86 3.26 
6200.32 6237.33 37.01 3.0 
6200.32 6243.82 43.5 3.01 
6200.32 6244.48 44.16 3.01 
6733.15 6710.32 22.83 3.15 
6733.15 6739.52 6.37 3.08 
6733.15 6707.83 25.32 4.64 
6733.15 6757.17 24.02 3.23 
6750.16 6721.85 28.31 3.44 
6750.16 6741.63 8.53 3.56 
6750.16 6757.17 7.01 5.45 
4523.4 4562.63 39.23 3.63 
4531.62 4562.63 31.01 3.19 
4537.67 4562.63 24.96 3.25 
4551.65 4555.49 3.84 3.09 
4551.65 4562.63 10.98 3.92 
4556.93 4562.63 5.7 3.23 
4566.52 4562.63 3.89 3.28 
4574.22 4562.63 11.59 3.19 
4593.53 4555.49 38.04 3.09 
4593.53 4562.63 30.9 3.92 
4593.53 4656.47 62.94 3.94 
4596.41 4562.63 33.78 3.63 
4596.41 4656.47 60.06 3.65 
4602.95 4631.49 28.54 3.06 
4602.95 4661.54 58.59 3.07 
4607.65 4555.49 52.16 3.13 
4607.65 4562.63 45.02 3.96 
4607.65 4656.47 48.82 3.98 
4607.65 4626.18 18.53 3.01 
4625.05 4562.63 62.42 3.22 
4625.05 4656.47 31.42 3.24 
4631.49 4562.63 68.86 4.53 
4631.49 4656.47 24.98 4.55 
4631.49 4675.11 43.62 3.48 
4631.49 4583.41 48.08 3.39 
4631.49 4636.33 4.84 3.39 
4631.49 4657.2 25.71 3.31 
4631.49 4600.75 30.74 3.55 
4631.49 4626.18 5.31 3.58 
4661.54 4656.47 5.07 4.56 
4661.54 4675.11 13.57 3.49 
4661.54 4722.61 61.07 3.51 
4661.54 4636.33 25.21 3.4 
4661.54 4657.2 4.34 3.32 
4661.54 4708.67 47.13 3.32 
4661.54 4600.75 60.79 3.56 
4661.54 4626.18 35.36 3.59 
4690.14 4656.47 33.67 3.69 
4749.95 4772.82 22.87 3.0 
4749.95 4743.82 6.13 3.11 
4749.95 4722.61 27.34 3.51 
4749.95 4708.67 41.28 3.32 
4772.82 4802.52 29.7 3.05 
4802.52 4743.82 58.7 3.16 
4802.52 4820.41 17.89 3.11 
4946.39 4997.1 50.71 3.37 
4952.65 4994.14 41.49 3.29 
4952.65 4997.1 44.45 4.21 
4952.65 5016.17 63.52 3.36 
4952.65 4964.93 12.28 3.27 
4952.65 4900.12 52.53 3.18 
4961.92 4997.1 35.18 3.63 
4962.58 4994.14 31.56 3.26 
4962.58 4997.1 34.52 4.18 
4962.58 5016.17 53.59 3.33 
4962.58 4964.93 2.35 3.24 
4962.58 4900.12 62.46 3.15 
4967.9 4994.14 26.24 3.27 
4967.9 4997.1 29.2 4.19 
4967.9 5016.17 48.27 3.34 
4967.9 4964.93 2.97 3.25 
4967.9 4900.12 67.78 3.16 
4993.7 4994.14 0.44 3.29 
4993.7 5052.15 58.45 3.47 
4993.7 4997.1 3.4 4.21 
4993.7 5016.17 22.47 3.36 
4993.7 5039.96 46.26 4.19 
4993.7 4964.93 28.77 3.27 
4994.14 5052.15 58.01 6.76 
5049.82 5052.15 2.33 5.4 
5044.22 5052.15 7.93 4.83 
5054.65 5052.15 2.5 4.04 
5054.65 4997.1 57.55 3.64 
5054.65 5039.96 14.69 3.62 
5054.65 5092.8 38.15 3.26 
5067.15 5083.34 16.19 3.26 
5067.15 5107.45 40.3 3.23 
5067.15 5127.36 60.21 3.3 
5067.15 5052.15 15.0 3.46 
5067.15 5016.17 50.98 3.37 
5067.15 5039.96 27.19 4.2 
5067.15 5087.43 20.28 3.14 
5067.15 5092.8 25.65 3.84 
5068.77 5052.15 16.62 4.74 
5072.68 5083.34 10.66 3.26 
5072.68 5107.45 34.77 3.23 
5072.68 5127.36 54.68 3.3 
5072.68 5052.15 20.53 3.46 
5072.68 5016.17 56.51 3.37 
5072.68 5039.96 32.72 4.2 
5072.68 5087.43 14.75 3.14 
5072.68 5092.8 20.12 3.84 
5074.76 5083.34 8.58 3.26 
5074.76 5107.45 32.69 3.23 
5074.76 5127.36 52.6 3.3 
5074.76 5052.15 22.61 3.46 
5074.76 5016.17 58.59 3.37 
5074.76 5039.96 34.8 4.2 
5074.76 5087.43 12.67 3.14 
5074.76 5092.8 18.04 3.84 
5083.34 5088.15 4.81 3.19 
5083.34 5090.78 7.44 3.3 
5083.34 5109.65 26.31 3.34 
5083.34 5052.15 31.19 6.72 
5088.15 5107.45 19.3 3.16 
5088.15 5127.36 39.21 3.23 
5088.15 5151.91 63.76 3.14 
5088.15 5052.15 36.0 3.53 
5088.15 5039.96 48.19 4.13 
5088.15 5087.43 0.72 3.07 
5088.15 5092.8 4.65 3.77 
5090.78 5107.45 16.67 3.27 
5090.78 5127.36 36.58 3.34 
5090.78 5151.91 61.13 3.25 
5090.78 5052.15 38.63 3.42 
5090.78 5039.96 50.82 4.24 
5090.78 5087.43 3.35 3.18 
5090.78 5092.8 2.02 3.88 
5107.45 5109.65 2.2 3.31 
5107.45 5159.06 51.61 3.29 
5107.45 5052.15 55.3 6.69 
5107.65 5052.15 55.5 6.12 
5109.65 5127.36 17.71 3.38 
5109.65 5151.91 42.26 3.29 
5109.65 5052.15 57.5 3.38 
5109.65 5039.96 69.69 4.28 
5109.65 5087.43 22.22 3.22 
5109.65 5092.8 16.85 3.92 
5127.36 5129.63 2.27 3.02 
5127.36 5159.06 31.7 3.36 
5127.36 5180.06 52.7 3.55 
5127.36 5187.91 60.55 3.22 
5127.36 5195.48 68.12 3.3 
5127.36 5196.06 68.7 3.34 
5129.63 5092.8 36.83 3.56 
5151.91 5159.06 7.15 3.27 
5151.91 5180.06 28.15 3.46 
5151.91 5187.91 36.0 3.13 
5151.91 5195.48 43.57 3.21 
5151.91 5196.06 44.15 3.25 
5151.91 5197.94 46.03 3.29 
5159.06 5225.53 66.47 4.17 
5159.06 5219.7 60.64 4.26 
5159.06 5200.42 41.36 3.29 
5159.06 5092.8 66.26 3.9 
5180.06 5225.53 45.47 4.36 
5180.06 5113.44 66.62 3.03 
5180.06 5145.47 34.59 3.01 
5180.06 5219.7 39.64 4.45 
5180.06 5247.57 67.51 3.51 
5180.06 5200.42 20.36 3.48 
5187.91 5225.53 37.62 4.03 
5187.91 5250.21 62.3 4.02 
5187.91 5219.7 31.79 4.12 
5187.91 5247.57 59.66 3.18 
5187.91 5200.42 12.51 3.15 
5195.48 5225.53 30.05 4.11 
5195.48 5250.21 54.73 4.1 
5195.48 5219.7 24.22 4.2 
5195.48 5247.57 52.09 3.26 
5195.48 5200.42 4.94 3.23 
5196.06 5225.53 29.47 4.15 
5196.06 5250.21 54.15 4.14 
5196.06 5219.7 23.64 4.24 
5196.06 5247.57 51.51 3.3 
5196.06 5200.42 4.36 3.27 
5197.94 5225.53 27.59 4.19 
5197.94 5250.21 52.27 4.18 
5197.94 5219.7 21.76 4.28 
5197.94 5247.57 49.63 3.34 
5197.94 5200.42 2.48 3.31 
5217.4 5225.53 8.13 3.1 
5217.4 5250.21 32.81 3.09 
5217.4 5219.7 2.3 3.19 
5223.19 5225.53 2.34 3.52 
5223.19 5250.21 27.02 3.51 
5223.19 5219.7 3.49 3.61 
5225.53 5228.38 2.85 4.11 
5225.53 5229.86 4.33 3.17 
5225.53 5242.5 16.97 3.52 
5225.53 5243.78 18.25 4.15 
5225.53 5253.47 27.94 3.17 
5225.53 5263.31 37.78 3.16 
5225.53 5288.53 63.0 3.58 
5225.53 5293.96 68.43 4.03 
5225.53 5294.55 69.02 3.53 
5225.53 5295.32 69.79 4.31 
5225.53 5197.57 27.96 3.12 
5225.53 5234.63 9.1 3.11 
5225.53 5264.81 39.28 3.12 
5225.53 5214.14 11.39 3.26 
5225.53 5287.18 61.65 3.33 
5225.53 5218.21 7.32 3.71 
5225.53 5220.09 5.44 3.71 
5228.38 5250.21 21.83 4.1 
5228.38 5219.7 8.68 4.2 
5228.38 5247.57 19.19 3.26 
5228.38 5296.7 68.32 3.24 
5228.38 5200.42 27.96 3.23 
5229.86 5250.21 20.35 3.16 
5229.86 5219.7 10.16 3.26 
5242.5 5250.21 7.71 3.51 
5242.5 5219.7 22.8 3.61 
5243.78 5250.21 6.43 4.14 
5243.78 5219.7 24.08 4.24 
5243.78 5247.57 3.79 3.3 
5243.78 5296.7 52.92 3.28 
5243.78 5300.75 56.97 3.28 
5243.78 5200.42 43.36 3.27 
5250.21 5253.47 3.26 3.16 
5250.21 5263.31 13.1 3.15 
5250.21 5288.53 38.32 3.57 
5250.21 5293.96 43.75 4.02 
5250.21 5294.55 44.34 3.52 
5250.21 5295.32 45.11 4.3 
5250.21 5197.57 52.64 3.11 
5250.21 5234.63 15.58 3.1 
5250.21 5264.81 14.6 3.11 
5250.21 5214.14 36.07 3.25 
5250.21 5287.18 36.97 3.32 
5250.21 5218.21 32.0 3.7 
5250.21 5220.09 30.12 3.7 
5253.47 5219.7 33.77 3.26 
5263.31 5219.7 43.61 3.25 
5288.53 5219.7 68.83 3.67 
5293.96 5247.57 46.39 3.18 
5293.96 5296.7 2.74 3.16 
5293.96 5300.75 6.79 3.16 
5295.32 5247.57 47.75 3.46 
5295.32 5296.7 1.38 3.44 
5295.32 5300.75 5.43 3.44 
5361.62 5380.32 18.7 3.26 
5361.62 5296.7 64.92 3.44 
5361.62 5300.75 60.87 3.44 
5373.71 5380.32 6.61 3.21 
5376.83 5380.32 3.49 3.39 
5379.58 5427.81 48.23 3.03 
5379.58 5380.32 0.74 3.99 
5386.34 5380.32 6.02 3.53 
5389.48 5380.32 9.16 3.26 
5395.22 5380.32 14.9 3.23 
5398.28 5380.32 17.96 3.23 
5401.27 5380.32 20.95 3.36 
5406.78 5380.32 26.46 3.31 
5409.14 5380.32 28.82 3.31 
5417.04 5380.32 36.72 3.26 
5432.95 5380.32 52.63 3.23 
5436.3 5380.32 55.98 3.29 
5436.59 5427.81 8.78 4.44 
5436.59 5380.32 56.27 5.4 
5441.34 5380.32 61.02 3.37 
5466.99 5427.81 39.18 3.07 
5577.03 5520.5 56.53 3.16 
5577.03 5526.82 50.21 3.26 
5577.03 5578.72 1.69 3.35 
5577.03 5587.87 10.84 3.1 
5594.66 5657.88 63.22 3.04 
5618.64 5670.85 52.21 3.13 
5619.6 5670.85 51.25 3.31 
5633.95 5671.82 37.87 3.54 
5633.95 5657.88 23.93 3.48 
5633.95 5667.14 33.19 3.49 
5633.95 5684.19 50.24 3.48 
5633.95 5670.85 36.9 3.91 
5633.95 5703.59 69.64 3.94 
5633.95 5578.72 55.23 3.31 
5633.95 5587.87 46.08 3.06 
5635.83 5670.85 35.02 3.18 
5635.83 5703.59 67.76 3.21 
5638.27 5670.85 32.58 3.14 
5638.27 5703.59 65.32 3.17 
5641.44 5670.85 29.41 3.18 
5641.44 5703.59 62.15 3.21 
5649.99 5688.22 38.23 3.0 
5649.99 5671.82 21.83 3.65 
5649.99 5657.88 7.89 3.59 
5649.99 5667.14 17.15 3.6 
5649.99 5684.19 34.2 3.59 
5649.99 5670.85 20.86 4.02 
5649.99 5703.59 53.6 4.05 
5649.99 5587.87 62.12 3.17 
5651.47 5671.82 20.35 3.02 
5651.47 5670.85 19.38 3.39 
5651.47 5703.59 52.12 3.42 
5652.32 5670.85 18.53 3.18 
5652.32 5703.59 51.27 3.21 
5653.87 5670.85 16.98 3.31 
5653.87 5703.59 49.72 3.34 
5661.35 5670.85 9.5 3.2 
5661.35 5703.59 42.24 3.23 
5661.35 5727.05 65.7 3.2 
5662.52 5670.85 8.33 3.1 
5662.52 5703.59 41.07 3.13 
5662.52 5727.05 64.53 3.1 
5667.52 5670.85 3.33 3.1 
5667.52 5703.59 36.07 3.13 
5667.52 5727.05 59.53 3.1 
5667.52 5737.07 69.55 3.12 
5679.03 5671.82 7.21 3.2 
5679.03 5657.88 21.15 3.14 
5679.03 5667.14 11.89 3.15 
5679.03 5684.19 5.16 3.14 
5679.03 5670.85 8.18 3.57 
5679.03 5703.59 24.56 3.6 
5679.03 5727.05 48.02 3.57 
5679.03 5737.07 58.04 3.59 
5680.24 5670.85 9.39 3.11 
5680.24 5703.59 23.35 3.14 
5680.24 5727.05 46.81 3.11 
5680.24 5737.07 56.83 3.13 
5701.55 5753.64 52.09 3.06 
5715.09 5670.85 44.24 3.2 
5715.09 5703.59 11.5 3.23 
5715.09 5727.05 11.96 3.2 
5715.09 5737.07 21.98 3.22 
5720.9 5671.82 49.08 3.1 
5720.9 5657.88 63.02 3.04 
5720.9 5667.14 53.76 3.05 
5720.9 5684.19 36.71 3.04 
5720.9 5670.85 50.05 3.47 
5720.9 5703.59 17.31 3.5 
5720.9 5727.05 6.15 3.47 
5720.9 5737.07 16.17 3.49 
5731.77 5670.85 60.92 3.18 
5731.77 5703.59 28.18 3.21 
5731.77 5727.05 4.72 3.18 
5731.77 5737.07 5.3 3.2 
5738.24 5670.85 67.39 3.14 
5738.24 5703.59 34.65 3.17 
5738.24 5727.05 11.19 3.14 
5738.24 5737.07 1.17 3.16 
5741.85 5703.59 38.26 3.21 
5741.85 5727.05 14.8 3.18 
5741.85 5737.07 4.78 3.2 
5752.04 5684.19 67.85 3.04 
5752.04 5703.59 48.45 3.5 
5752.04 5727.05 24.99 3.47 
5752.04 5737.07 14.97 3.49 
5775.08 5727.05 48.03 3.14 
5775.08 5737.07 38.01 3.16 
5778.46 5727.05 51.41 3.07 
5778.46 5737.07 41.39 3.09 
5793.92 5727.05 66.87 3.14 
5793.92 5737.07 56.85 3.16 
5793.92 5853.69 59.77 3.62 
5806.73 5853.15 46.42 3.12 
5806.73 5866.45 59.72 3.54 
5806.73 5737.07 69.66 3.55 
5806.73 5853.69 46.96 4.01 
5809.22 5853.69 44.47 3.28 
5811.92 5866.45 54.53 3.07 
5811.92 5853.69 41.77 3.54 
5814.81 5866.45 51.64 3.21 
5814.81 5853.69 38.88 3.68 
5815.22 5866.45 51.23 3.08 
5815.22 5853.69 38.47 3.55 
5852.22 5853.15 0.93 3.06 
5852.22 5866.45 14.23 3.48 
5852.22 5853.69 1.47 3.95 
5853.15 5862.36 9.21 3.06 
5853.15 5902.48 49.33 3.1 
5853.15 5905.68 52.53 3.16 
5853.15 5797.87 55.28 3.46 
5856.09 5866.45 10.36 3.22 
5856.09 5853.69 2.4 3.69 
5862.36 5866.45 4.09 3.48 
5862.36 5853.69 8.67 3.95 
5902.48 5956.7 54.22 3.73 
5902.48 5866.45 36.03 3.52 
5902.48 5853.69 48.79 3.99 
5905.68 5956.7 51.02 3.79 
5905.68 5866.45 39.23 3.58 
5905.68 5853.69 51.99 4.05 
5927.79 5956.7 28.91 3.79 
5927.79 5866.45 61.34 3.58 
5929.68 5956.7 27.02 3.69 
5929.68 5866.45 63.23 3.48 
5930.19 5956.7 26.51 3.79 
5930.19 5866.45 63.74 3.58 
5934.66 5956.7 22.04 3.07 
5956.7 5983.69 26.99 3.69 
5956.7 5984.82 28.12 3.87 
5956.7 5987.07 30.37 3.93 
5956.7 6024.06 67.36 3.69 
5956.7 5948.54 8.16 4.22 
5956.7 5996.73 40.03 3.38 
5983.69 6052.67 68.98 3.32 
5983.69 6039.73 56.04 3.49 
5984.82 6052.67 67.85 3.14 
5984.82 6039.73 54.91 3.67 
5984.82 6007.31 22.49 3.05 
5987.07 6052.67 65.6 3.08 
5987.07 6039.73 52.66 3.73 
5987.07 6007.31 20.24 3.11 
6005.55 6052.67 47.12 5.28 
6024.06 6052.67 28.61 3.32 
6024.06 6064.63 40.57 3.5 
6024.06 6039.73 15.67 3.49 
6024.06 6081.45 57.39 3.5 
6024.06 6090.21 66.15 3.47 
6027.06 6052.67 25.61 3.79 
6027.06 6064.63 37.57 3.03 
6027.06 6039.73 12.67 3.02 
6027.06 6081.45 54.39 3.03 
6027.06 6090.21 63.15 3.0 
6034.04 6052.67 18.63 3.56 
6034.04 6064.63 30.59 3.26 
6034.04 6039.73 5.69 3.25 
6034.04 6081.45 47.41 3.26 
6034.04 6090.21 56.17 3.23 
6035.34 6052.67 17.33 3.58 
6035.34 6064.63 29.29 3.24 
6035.34 6039.73 4.39 3.23 
6035.34 6081.45 46.11 3.24 
6035.34 6090.21 54.87 3.21 
6054.08 6120.25 66.17 3.45 
6054.08 6052.67 1.41 3.5 
6054.08 6064.63 10.55 3.32 
6054.08 6039.73 14.35 3.31 
6054.08 6081.45 27.37 3.32 
6054.08 6090.21 36.13 3.29 
6054.08 6111.65 57.57 3.33 
6065.49 6125.02 59.53 3.0 
6065.49 6052.67 12.82 5.26 
6078.49 6120.25 41.76 3.87 
6078.49 6052.67 25.82 3.08 
6078.49 6064.63 13.86 3.74 
6078.49 6126.22 47.73 3.72 
6078.49 6039.73 38.76 3.73 
6078.49 6081.45 2.96 3.74 
6078.49 6090.21 11.72 3.71 
6078.49 6111.65 33.16 3.75 
6078.49 6135.36 56.87 3.74 
6078.49 6108.12 29.63 3.11 
6078.49 6128.98 50.49 3.11 
6078.49 6141.73 63.24 4.09 
6079.01 6120.25 41.24 3.73 
6079.01 6052.67 26.34 3.22 
6079.01 6064.63 14.38 3.6 
6079.01 6126.22 47.21 3.58 
6079.01 6039.73 39.28 3.59 
6079.01 6081.45 2.44 3.6 
6079.01 6090.21 11.2 3.57 
6079.01 6111.65 32.64 3.61 
6079.01 6135.36 56.35 3.6 
6079.01 6141.73 62.72 3.95 
6082.72 6125.02 42.3 3.39 
6082.72 6142.49 59.77 3.4 
6082.72 6145.02 62.3 3.4 
6082.72 6052.67 30.05 5.65 
6089.57 6120.25 30.68 3.66 
6089.57 6158.17 68.6 6.16 
6089.57 6052.67 36.9 3.29 
6089.57 6064.63 24.94 3.53 
6089.57 6126.22 36.65 3.51 
6089.57 6039.73 49.84 3.52 
6089.57 6081.45 8.12 3.53 
6089.57 6090.21 0.64 3.5 
6089.57 6111.65 22.08 3.54 
6089.57 6135.36 45.79 3.53 
6089.57 6141.73 52.16 3.88 
6094.38 6120.25 25.87 3.73 
6094.38 6158.17 63.79 6.09 
6094.38 6052.67 41.71 3.22 
6094.38 6064.63 29.75 3.6 
6094.38 6126.22 31.84 3.58 
6094.38 6039.73 54.65 3.59 
6094.38 6081.45 12.93 3.6 
6094.38 6090.21 4.17 3.57 
6094.38 6111.65 17.27 3.61 
6094.38 6135.36 40.98 3.6 
6094.38 6141.73 47.35 3.95 
6096.67 6120.25 23.58 3.06 
6096.67 6158.17 61.5 6.76 
6096.67 6052.67 44.0 3.89 
6096.67 6141.73 45.06 3.28 
6098.25 6120.25 22.0 3.64 
6098.25 6158.17 59.92 6.18 
6098.25 6052.67 45.58 3.31 
6098.25 6064.63 33.62 3.51 
6098.25 6126.22 27.97 3.49 
6098.25 6039.73 58.52 3.5 
6098.25 6081.45 16.8 3.51 
6098.25 6090.21 8.04 3.48 
6098.25 6111.65 13.4 3.52 
6098.25 6135.36 37.11 3.51 
6098.25 6141.73 43.48 3.86 
6120.25 6127.91 7.66 3.22 
6120.25 6157.73 37.48 3.16 
6120.25 6159.38 39.13 3.69 
6120.25 6165.36 45.11 3.22 
6120.25 6187.99 67.74 3.02 
6120.25 6158.17 37.92 9.82 
6120.25 6125.02 4.77 4.69 
6120.25 6142.49 22.24 4.7 
6120.25 6145.02 24.77 4.7 
6120.25 6052.67 67.58 6.95 
6120.25 6086.29 33.96 3.35 
6120.25 6111.08 9.17 3.17 
6120.25 6119.76 0.49 3.35 
6120.25 6130.14 9.89 3.35 
6120.25 6175.37 55.12 3.17 
6120.25 6176.82 56.57 3.17 
6120.25 6186.72 66.47 3.19 
6127.91 6158.17 30.26 6.6 
6127.91 6064.63 63.28 3.09 
6127.91 6126.22 1.69 3.07 
6127.91 6081.45 46.46 3.09 
6127.91 6090.21 37.7 3.06 
6127.91 6111.65 16.26 3.1 
6127.91 6135.36 7.45 3.09 
6127.91 6141.73 13.82 3.44 
6151.62 6158.17 6.55 8.56 
6151.62 6125.02 26.6 3.43 
6151.62 6142.49 9.13 3.44 
6151.62 6145.02 6.6 3.44 
6151.62 6195.46 43.84 3.69 
6157.73 6158.17 0.44 6.66 
6157.73 6126.22 31.51 3.01 
6157.73 6090.21 67.52 3.0 
6157.73 6111.65 46.08 3.04 
6157.73 6135.36 22.37 3.03 
6157.73 6216.35 58.62 3.8 
6157.73 6224.51 66.78 3.79 
6157.73 6141.73 16.0 3.38 
6159.38 6158.17 1.21 6.13 
6159.38 6126.22 33.16 3.54 
6159.38 6090.21 69.17 3.53 
6159.38 6111.65 47.73 3.57 
6159.38 6135.36 24.02 3.56 
6159.38 6216.35 56.97 4.33 
6159.38 6224.51 65.13 4.32 
6159.38 6141.73 17.65 3.91 
6165.36 6158.17 7.19 6.6 
6165.36 6126.22 39.14 3.07 
6165.36 6111.65 53.71 3.1 
6165.36 6135.36 30.0 3.09 
6165.36 6216.35 50.99 3.86 
6165.36 6224.51 59.15 3.85 
6165.36 6141.73 23.63 3.44 
6173.34 6158.17 15.17 8.52 
6173.34 6125.02 48.32 3.39 
6173.34 6142.49 30.85 3.4 
6173.34 6145.02 28.32 3.4 
6173.34 6195.46 22.12 3.65 
6173.34 6237.33 63.99 3.39 
6180.21 6158.17 22.04 8.01 
6180.21 6195.46 15.25 3.14 
6187.99 6158.17 29.82 6.8 
6187.99 6216.35 28.36 3.66 
6187.99 6224.51 36.52 3.65 
6187.99 6251.83 63.84 3.65 
6187.99 6141.73 46.26 3.24 
6213.44 6158.17 55.27 8.52 
6213.44 6145.02 68.42 3.4 
6213.44 6195.46 17.98 3.65 
6213.44 6237.33 23.89 3.39 
6213.44 6243.82 30.38 3.4 
6213.44 6244.48 31.04 3.4 
6219.29 6158.17 61.12 8.54 
6219.29 6195.46 23.83 3.67 
6219.29 6237.33 18.04 3.41 
6219.29 6243.82 24.53 3.42 
6219.29 6244.48 25.19 3.42 
6220.79 6158.17 62.62 6.86 
6220.79 6216.35 4.44 3.6 
6220.79 6224.51 3.72 3.59 
6220.79 6251.83 31.04 3.59 
6220.79 6274.66 53.87 3.61 
6220.79 6285.17 64.38 3.6 
6226.74 6158.17 68.57 6.86 
6226.74 6216.35 10.39 3.6 
6226.74 6224.51 2.23 3.59 
6226.74 6251.83 25.09 3.59 
6226.74 6274.66 47.92 3.61 
6226.74 6285.17 58.43 3.6 
6229.24 6195.46 33.78 3.02 
6232.65 6300.3 67.65 3.65 
6232.65 6216.35 16.3 3.37 
6232.65 6224.51 8.14 3.36 
6232.65 6251.83 19.18 3.36 
6232.65 6274.66 42.01 3.38 
6232.65 6285.17 52.52 3.37 
6240.65 6195.46 45.19 3.65 
6240.65 6237.33 3.32 3.39 
6240.65 6243.82 3.17 3.4 
6240.65 6244.48 3.83 3.4 
6265.14 6195.46 69.68 3.69 
6265.14 6237.33 27.81 3.43 
6265.14 6243.82 21.32 3.44 
6265.14 6244.48 20.66 3.44 
6290.98 6358.68 67.7 3.87 
6290.98 6300.3 9.32 4.73 
6290.98 6245.62 45.36 3.22 
6290.98 6320.84 29.86 3.23 
6290.98 6258.11 32.87 3.29 
6290.98 6261.1 29.88 3.3 
6290.98 6224.51 66.47 4.44 
6290.98 6251.83 39.15 4.44 
6290.98 6274.66 16.32 4.46 
6290.98 6285.17 5.81 4.45 
6290.98 6330.13 39.15 3.79 
6290.98 6327.6 36.62 3.05 
6297.8 6237.33 60.47 3.39 
6297.8 6243.82 53.98 3.4 
6297.8 6244.48 53.32 3.4 
6297.8 6362.35 64.55 3.57 
6303.46 6358.68 55.22 3.46 
6303.46 6300.3 3.16 4.32 
6303.46 6251.83 51.63 4.03 
6303.46 6274.66 28.8 4.05 
6303.46 6285.17 18.29 4.04 
6303.46 6330.13 26.67 3.38 
6315.81 6358.68 42.87 3.22 
6315.81 6300.3 15.51 4.08 
6315.81 6251.83 63.98 3.79 
6315.81 6274.66 41.15 3.81 
6315.81 6285.17 30.64 3.8 
6315.81 6330.13 14.32 3.14 
6322.69 6362.35 39.66 3.2 
6335.34 6362.35 27.01 3.59 
6336.83 6300.3 36.53 3.69 
6336.83 6274.66 62.17 3.42 
6336.83 6285.17 51.66 3.41 
6358.68 6380.75 22.07 3.33 
6358.68 6385.72 27.04 3.87 
6358.68 6407.29 48.61 3.03 
6358.68 6416.93 58.25 3.03 
6358.68 6319.24 39.44 4.25 
6358.68 6318.72 39.96 4.25 
6358.68 6414.99 56.31 5.01 
6358.68 6322.17 36.51 3.29 
6358.68 6360.81 2.13 3.31 
6358.68 6378.26 19.58 3.29 
6358.68 6362.35 3.67 4.93 
6380.75 6330.13 50.62 3.25 
6385.72 6320.84 64.88 3.23 
6385.72 6330.13 55.59 3.79 
6385.72 6327.6 58.12 3.05 
6392.54 6442.97 50.43 3.27 
6392.54 6414.99 22.45 3.59 
6392.54 6362.35 30.19 3.51 
6430.85 6442.97 12.12 3.37 
6430.85 6414.99 15.86 3.69 
6430.85 6362.35 68.5 3.61 
6481.88 6442.97 38.91 3.27 
6481.88 6414.99 66.89 3.59 
6481.88 6527.21 45.33 3.59 
6498.94 6442.97 55.97 4.59 
6498.94 6527.21 28.27 4.91 
6581.21 6627.55 46.34 3.06 
6581.21 6587.62 6.41 7.05 
6581.21 6527.21 54.0 4.38 
6581.21 6583.71 2.5 4.46 
6593.88 6587.62 6.26 6.11 
6593.88 6527.21 66.67 3.44 
6593.88 6583.71 10.17 3.52 
6608.03 6587.62 20.41 6.26 
6608.03 6583.71 24.32 3.67 
6609.12 6587.62 21.5 5.98 
6609.12 6583.71 25.41 3.39 
6625.02 6627.55 2.53 3.54 
6625.02 6653.86 28.84 3.14 
6625.02 6587.62 37.4 7.53 
6625.02 6583.71 41.31 4.94 
6625.02 6661.08 36.06 3.18 
6625.02 6598.6 26.42 3.23 
6625.02 6635.13 10.11 3.41 
6627.55 6587.62 39.93 3.99 
6627.55 6604.6 22.95 3.19 
6627.55 6599.12 28.43 3.65 
6646.94 6587.62 59.32 5.93 
6646.94 6583.71 63.23 3.34 
6653.86 6707.83 53.97 4.15 
6653.86 6587.62 66.24 4.39 
6653.86 6599.12 54.74 3.25 
6699.15 6710.32 11.17 3.1 
6699.15 6739.52 40.37 3.03 
6699.15 6707.83 8.68 4.59 
6699.15 6757.17 58.02 3.28 
6703.57 6721.85 18.28 3.1 
6703.57 6741.63 38.06 3.22 
6703.57 6757.17 53.6 5.11 
6705.11 6710.32 5.21 3.12 
6705.11 6739.52 34.41 3.05 
6705.11 6707.83 2.72 4.61 
6705.11 6757.17 52.06 3.26 
6710.32 6713.05 2.73 3.12 
6710.32 6713.74 3.42 3.3 
6710.32 6726.67 16.35 3.12 
6710.32 6732.07 21.75 3.09 
6710.32 6745.11 34.79 3.09 
6710.32 6752.71 42.39 3.15 
6710.32 6721.85 11.53 4.37 
6710.32 6741.63 31.31 4.49 
6710.32 6757.17 46.85 6.38 
6713.05 6739.52 26.47 3.05 
6713.05 6707.83 5.22 4.61 
6713.05 6757.17 44.12 3.26 
6713.2 6707.83 5.37 4.14 
6713.2 6757.17 43.97 3.73 
6713.74 6739.52 25.78 3.23 
6713.74 6707.83 5.91 4.79 
6713.74 6757.17 43.43 3.08 
6725.36 6707.83 17.53 4.1 
6725.36 6757.17 31.81 3.77 
6726.67 6739.52 12.85 3.05 
6726.67 6707.83 18.84 4.61 
6726.67 6757.17 30.5 3.26 
6732.07 6739.52 7.45 3.02 
6732.07 6707.83 24.24 4.58 
6732.07 6757.17 25.1 3.29 
6739.52 6745.11 5.59 3.02 
6739.52 6752.71 13.19 3.08 
6739.52 6793.26 53.74 3.02 
6739.52 6721.85 17.67 4.3 
6739.52 6741.63 2.11 4.42 
6739.52 6757.17 17.65 6.31 
6745.11 6707.83 37.28 4.58 
6745.11 6757.17 12.06 3.29 
6745.97 6707.83 38.14 4.08 
6745.97 6757.17 11.2 3.79 
6752.71 6707.83 44.88 4.64 
6752.71 6757.17 4.46 3.23 
6786.86 6757.17 29.69 3.68 
6793.26 6757.17 36.09 3.29 
6806.85 6741.63 65.22 3.25 
6806.85 6757.17 49.68 5.14 
6810.27 6757.17 53.1 3.26 
6820.37 6757.17 63.2 3.23 
5197.57 5219.7 22.13 3.21 
5234.63 5219.7 14.93 3.2 
5264.81 5219.7 45.11 3.21 
5414.07 5427.81 13.74 3.5 
5414.07 5380.32 33.75 4.46 
5425.25 5427.81 2.56 3.52 
5425.25 5380.32 44.93 4.48 
5427.81 5490.16 62.35 5.26 
5427.81 5381.03 46.78 5.15 
5427.81 5418.77 9.04 5.14 
5427.81 5435.86 8.05 4.73 
5427.81 5402.78 25.03 4.88 
5991.38 6052.67 61.29 4.72 
6084.11 6052.67 31.44 4.67 
6113.32 6158.17 44.85 7.52 
6113.32 6052.67 60.65 4.65 
6149.25 6158.17 8.92 6.85 
6149.25 6216.35 67.1 3.61 
6149.25 6141.73 7.52 3.19 
6238.39 6300.3 61.91 3.89 
6238.39 6216.35 22.04 3.61 
6238.39 6224.51 13.88 3.6 
6238.39 6251.83 13.44 3.6 
6238.39 6274.66 36.27 3.62 
6238.39 6285.17 46.78 3.61 
6239.94 6300.3 60.36 3.89 
6239.94 6216.35 23.59 3.61 
6239.94 6224.51 15.43 3.6 
6239.94 6251.83 11.89 3.6 
6239.94 6274.66 34.72 3.62 
6239.94 6285.17 45.23 3.61 
6247.56 6300.3 52.74 3.89 
6247.56 6216.35 31.21 3.61 
6247.56 6224.51 23.05 3.6 
6247.56 6251.83 4.27 3.6 
6247.56 6274.66 27.1 3.62 
6247.56 6285.17 37.61 3.61 
6442.97 6449.82 6.85 3.03 
6442.97 6455.6 12.63 3.03 
6442.97 6471.67 28.7 3.02 
6442.97 6499.65 56.68 3.03 
6442.97 6496.91 53.94 4.95 
6456.39 6496.91 40.52 3.3 
6516.09 6583.71 67.62 3.06 
6707.83 6696.03 11.8 3.14 
6707.83 6698.67 9.16 3.14 
6707.83 6721.85 14.02 5.86 
6707.83 6741.63 33.8 5.98 
6707.83 6757.17 49.34 7.87 
6707.83 6661.08 46.75 4.19 
6707.83 6772.32 64.49 3.66 
5052.15 4997.1 55.05 7.68 
5052.15 5016.17 35.98 6.83 
5052.15 5039.96 12.19 7.66 
5052.15 5064.06 11.91 4.99 
5052.15 5071.49 19.34 6.22 
5052.15 5113.44 61.29 6.24 
5052.15 4995.66 56.49 4.05 
5052.15 5081.11 28.96 3.83 
5052.15 5094.41 42.26 3.85 
5052.15 5010.94 41.21 4.05 
5052.15 5087.43 35.28 6.6 
5052.15 5112.28 60.13 6.02 
5052.15 5092.8 40.65 7.3 
5380.32 5349.47 30.85 4.97 
5380.32 5381.03 0.71 6.11 
5380.32 5418.77 38.45 6.1 
5380.32 5377.62 2.7 3.84 
5380.32 5399.47 19.15 3.83 
5380.32 5413.67 33.35 3.82 
5380.32 5342.71 37.61 3.66 
5380.32 5352.05 28.27 4.1 
5380.32 5359.2 21.12 3.53 
5380.32 5392.33 12.01 3.53 
5380.32 5435.86 55.54 5.69 
5380.32 5402.78 22.46 5.84 
6587.62 6604.6 16.98 7.18 
6587.62 6599.12 11.5 7.64 
6587.62 6598.6 10.98 4.3 
6587.62 6635.13 47.51 4.12 
6158.17 6154.23 3.94 8.64 
6158.17 6160.75 2.58 8.64 
6158.17 6125.02 33.15 5.13 
6158.17 6142.49 15.68 5.12 
6158.17 6145.02 13.15 5.12 
6158.17 6195.46 37.29 4.87 
6158.17 6156.02 2.15 8.22 
6158.17 6161.29 3.12 8.22 
6158.17 6166.44 8.27 8.22 
6158.17 6169.04 10.87 8.22 
6158.17 6091.18 66.99 8.47 
6158.17 6126.22 31.95 9.67 
6158.17 6090.21 67.96 9.66 
6158.17 6111.65 46.52 9.7 
6158.17 6135.36 22.81 9.69 
6158.17 6216.35 58.18 10.46 
6158.17 6224.51 66.34 10.45 
6158.17 6108.12 50.05 9.06 
6158.17 6111.08 47.09 6.65 
6158.17 6119.76 38.41 6.47 
6158.17 6128.98 29.19 9.06 
6158.17 6130.14 28.03 6.47 
6158.17 6175.37 17.2 6.65 
6158.17 6176.82 18.65 6.65 
6158.17 6177.25 19.08 8.91 
6158.17 6186.72 28.55 6.63 
6158.17 6204.61 46.44 6.65 
6158.17 6223.99 65.82 6.63 
6158.17 6141.73 16.44 10.04 
6300.3 6319.24 18.94 5.11 
6300.3 6318.72 18.42 5.11 
6300.3 6237.33 62.97 5.61 
6300.3 6243.82 56.48 5.62 
6300.3 6244.48 55.82 5.62 
6300.3 6322.17 21.87 4.15 
6300.3 6360.81 60.51 4.17 
6300.3 6362.35 62.05 5.79 
5688.22 5753.64 65.42 3.52 
6154.23 6125.02 29.21 3.51 
6154.23 6142.49 11.74 3.52 
6154.23 6145.02 9.21 3.52 
6154.23 6195.46 41.23 3.77 
6160.75 6125.02 35.73 3.51 
6160.75 6142.49 18.26 3.52 
6160.75 6145.02 15.73 3.52 
6160.75 6195.46 34.71 3.77 
4730.04 4675.11 54.93 3.28 
4730.04 4722.61 7.43 3.3 
4730.04 4708.67 21.37 3.11 
5711.09 5670.85 40.24 3.27 
5711.09 5703.59 7.5 3.3 
5711.09 5727.05 15.96 3.27 
5711.09 5737.07 25.98 3.29 
6319.24 6320.84 1.6 3.61 
6319.24 6258.11 61.13 3.67 
6319.24 6261.1 58.14 3.68 
6319.24 6251.83 67.41 4.82 
6319.24 6274.66 44.58 4.84 
6319.24 6285.17 34.07 4.83 
6319.24 6330.13 10.89 4.17 
6319.24 6327.6 8.36 3.43 
6318.72 6320.84 2.12 3.61 
6318.72 6258.11 60.61 3.67 
6318.72 6261.1 57.62 3.68 
6318.72 6251.83 66.89 4.82 
6318.72 6274.66 44.06 4.84 
6318.72 6285.17 33.55 4.83 
6318.72 6330.13 11.41 4.17 
6318.72 6327.6 8.88 3.43 
6696.03 6757.17 61.14 4.73 
6698.67 6757.17 58.5 4.73 
5517.54 5520.5 2.96 3.21 
5517.54 5526.82 9.28 3.31 
5517.54 5490.16 27.38 3.62 
5517.54 5578.72 61.18 3.4 
5621.6 5671.82 50.22 3.63 
5621.6 5657.88 36.28 3.57 
5621.6 5667.14 45.54 3.58 
5621.6 5684.19 62.59 3.57 
5621.6 5670.85 49.25 4.0 
5621.6 5578.72 42.88 3.4 
5621.6 5587.87 33.73 3.15 
5645.61 5671.82 26.21 3.48 
5645.61 5657.88 12.27 3.42 
5645.61 5667.14 21.53 3.43 
5645.61 5684.19 38.58 3.42 
5645.61 5670.85 25.24 3.85 
5645.61 5703.59 57.98 3.88 
5645.61 5578.72 66.89 3.25 
5645.61 5587.87 57.74 3.0 
5684.49 5671.82 12.67 3.5 
5684.49 5657.88 26.61 3.44 
5684.49 5667.14 17.35 3.45 
5684.49 5684.19 0.3 3.44 
5684.49 5670.85 13.64 3.87 
5684.49 5703.59 19.1 3.9 
5684.49 5727.05 42.56 3.87 
5684.49 5737.07 52.58 3.89 
5684.49 5748.36 63.87 3.27 
5690.43 5671.82 18.61 3.48 
5690.43 5657.88 32.55 3.42 
5690.43 5667.14 23.29 3.43 
5690.43 5684.19 6.24 3.42 
5690.43 5670.85 19.58 3.85 
5690.43 5703.59 13.16 3.88 
5690.43 5727.05 36.62 3.85 
5690.43 5737.07 46.64 3.87 
5690.43 5748.36 57.93 3.25 
5701.11 5671.82 29.29 3.48 
5701.11 5657.88 43.23 3.42 
5701.11 5667.14 33.97 3.43 
5701.11 5684.19 16.92 3.42 
5701.11 5670.85 30.26 3.85 
5701.11 5703.59 2.48 3.88 
5701.11 5727.05 25.94 3.85 
5701.11 5737.07 35.96 3.87 
5701.11 5748.36 47.25 3.25 
5753.64 5684.19 69.45 4.11 
5753.64 5739.48 14.16 3.37 
5753.64 5703.59 50.05 4.57 
5753.64 5727.05 26.59 4.54 
5753.64 5737.07 16.57 4.56 
5753.64 5754.68 1.04 3.68 
5753.64 5748.36 5.28 3.94 
5772.15 5703.59 68.56 4.03 
5772.15 5727.05 45.1 4.0 
5772.15 5737.07 35.08 4.02 
5772.15 5754.68 17.47 3.14 
5772.15 5748.36 23.79 3.4 
5797.87 5866.45 68.58 3.88 
5797.87 5737.07 60.8 3.89 
5797.87 5754.68 43.19 3.01 
5797.87 5847.0 49.13 3.27 
5797.87 5748.36 49.51 3.27 
5797.87 5853.69 55.82 4.35 
5948.54 5965.84 17.3 3.2 
5948.54 5978.55 30.01 3.21 
5948.54 6007.31 58.77 3.4 
6125.02 6156.02 31.0 3.09 
6125.02 6161.29 36.27 3.09 
6125.02 6166.44 41.42 3.09 
6125.02 6169.04 44.02 3.09 
6125.02 6064.63 60.39 4.56 
6125.02 6091.18 33.84 3.34 
6125.02 6126.22 1.2 4.54 
6125.02 6081.45 43.57 4.56 
6125.02 6090.21 34.81 4.53 
6125.02 6111.65 13.37 4.57 
6125.02 6135.36 10.34 4.56 
6125.02 6108.12 16.9 3.93 
6125.02 6128.98 3.96 3.93 
6125.02 6177.25 52.23 3.78 
6125.02 6141.73 16.71 4.91 
6142.49 6156.02 13.53 3.1 
6142.49 6161.29 18.8 3.1 
6142.49 6166.44 23.95 3.1 
6142.49 6169.04 26.55 3.1 
6142.49 6091.18 51.31 3.35 
6142.49 6126.22 16.27 4.55 
6142.49 6081.45 61.04 4.57 
6142.49 6090.21 52.28 4.54 
6142.49 6111.65 30.84 4.58 
6142.49 6135.36 7.13 4.57 
6142.49 6108.12 34.37 3.94 
6142.49 6128.98 13.51 3.94 
6142.49 6177.25 34.76 3.79 
6142.49 6141.73 0.76 4.92 
6145.02 6156.02 11.0 3.1 
6145.02 6161.29 16.27 3.1 
6145.02 6166.44 21.42 3.1 
6145.02 6169.04 24.02 3.1 
6145.02 6091.18 53.84 3.35 
6145.02 6126.22 18.8 4.55 
6145.02 6081.45 63.57 4.57 
6145.02 6090.21 54.81 4.54 
6145.02 6111.65 33.37 4.58 
6145.02 6135.36 9.66 4.57 
6145.02 6108.12 36.9 3.94 
6145.02 6128.98 16.04 3.94 
6145.02 6177.25 32.23 3.79 
6145.02 6141.73 3.29 4.92 
6195.46 6156.02 39.44 3.35 
6195.46 6161.29 34.17 3.35 
6195.46 6166.44 29.02 3.35 
6195.46 6169.04 26.42 3.35 
6195.46 6245.62 50.16 4.36 
6195.46 6126.22 69.24 4.8 
6195.46 6258.11 62.65 4.43 
6195.46 6261.1 65.64 4.44 
6195.46 6135.36 60.1 4.82 
6195.46 6216.35 20.89 5.59 
6195.46 6224.51 29.05 5.58 
6195.46 6251.83 56.37 5.58 
6195.46 6128.98 66.48 4.19 
6195.46 6177.25 18.21 4.04 
6195.46 6141.73 53.73 5.17 
6237.33 6169.04 68.29 3.09 
6237.33 6245.62 8.29 4.1 
6237.33 6258.11 20.78 4.17 
6237.33 6261.1 23.77 4.18 
6237.33 6216.35 20.98 5.33 
6237.33 6224.51 12.82 5.32 
6237.33 6251.83 14.5 5.32 
6237.33 6274.66 37.33 5.34 
6237.33 6285.17 47.84 5.33 
6237.33 6177.25 60.08 3.78 
6243.82 6245.62 1.8 4.11 
6243.82 6258.11 14.29 4.18 
6243.82 6261.1 17.28 4.19 
6243.82 6216.35 27.47 5.34 
6243.82 6224.51 19.31 5.33 
6243.82 6251.83 8.01 5.33 
6243.82 6274.66 30.84 5.35 
6243.82 6285.17 41.35 5.34 
6243.82 6177.25 66.57 3.79 
6244.48 6245.62 1.14 4.11 
6244.48 6258.11 13.63 4.18 
6244.48 6261.1 16.62 4.19 
6244.48 6216.35 28.13 5.34 
6244.48 6224.51 19.97 5.33 
6244.48 6251.83 7.35 5.33 
6244.48 6274.66 30.18 5.35 
6244.48 6285.17 40.69 5.34 
6244.48 6177.25 67.23 3.79 
6414.99 6449.82 34.83 3.35 
6414.99 6455.6 40.61 3.35 
6414.99 6471.67 56.68 3.34 
6527.21 6471.67 55.54 3.34 
6527.21 6499.65 27.56 3.35 
6527.21 6496.91 30.3 5.27 
6583.71 6604.6 20.89 4.59 
6583.71 6599.12 15.41 5.05 
6721.85 6767.78 45.93 4.03 
6741.63 6767.78 26.15 4.15 
6052.67 6064.63 11.96 6.82 
6052.67 6091.18 38.51 5.6 
6052.67 6039.73 12.94 6.81 
6052.67 6081.45 28.78 6.82 
6052.67 6090.21 37.54 6.79 
6052.67 6111.65 58.98 6.83 
6052.67 5996.73 55.94 3.63 
6052.67 6007.31 45.36 6.19 
6052.67 6086.29 33.62 3.6 
6052.67 6108.12 55.45 6.19 
6052.67 6111.08 58.41 3.78 
6052.67 6119.76 67.09 3.6 
6757.17 6814.95 57.78 5.91 
6757.17 6767.78 10.61 6.04 
6757.17 6772.32 15.15 4.21 
6320.84 6362.35 41.51 4.29 
6604.6 6635.13 30.53 3.06 
4555.49 4588.2 32.71 3.22 
4555.49 4592.05 36.56 3.22 
4562.63 4575.11 12.48 3.35 
4562.63 4588.2 25.57 4.05 
4562.63 4592.05 29.42 4.05 
4562.63 4594.63 32.0 3.61 
4562.63 4512.99 49.64 3.69 
4656.47 4633.25 23.22 3.13 
4656.47 4708.02 51.55 3.17 
4656.47 4588.2 68.27 4.07 
4656.47 4592.05 64.42 4.07 
4656.47 4594.63 61.84 3.63 
4997.1 4936.34 60.76 3.11 
4997.1 4946.04 51.06 3.8 
4997.1 4952.29 44.81 3.61 
4997.1 4995.66 1.44 3.63 
4997.1 5010.94 13.84 3.63 
5016.17 5081.11 64.94 3.0 
5039.96 4995.66 44.3 3.61 
5039.96 5081.11 41.15 3.83 
5039.96 5094.41 54.45 3.81 
5039.96 5010.94 29.02 3.61 
5219.7 5214.14 5.56 3.35 
5219.7 5287.18 67.48 3.42 
5219.7 5218.21 1.49 3.8 
5219.7 5220.09 0.39 3.8 
5866.45 5805.22 61.23 3.1 
6064.63 5996.73 67.9 3.19 
6064.63 6086.29 21.66 3.22 
6064.63 6111.08 46.45 3.04 
6064.63 6119.76 55.13 3.22 
6064.63 6130.14 65.51 3.22 
6126.22 6086.29 39.93 3.2 
6126.22 6111.08 15.14 3.02 
6126.22 6119.76 6.46 3.2 
6126.22 6130.14 3.92 3.2 
6126.22 6175.37 49.15 3.02 
6126.22 6176.82 50.6 3.02 
6126.22 6186.72 60.5 3.04 
6599.12 6661.08 61.96 3.29 
6599.12 6598.6 0.52 3.34 
6599.12 6635.13 36.01 3.52 
5670.85 5625.32 45.53 3.01 
5670.85 5628.35 42.5 3.01 
5670.85 5641.88 28.97 3.03 
5670.85 5643.08 27.77 3.08 
5670.85 5682.2 11.35 3.02 
5670.85 5694.99 24.14 3.01 
5703.59 5641.88 61.71 3.06 
5703.59 5643.08 60.51 3.11 
5703.59 5682.2 21.39 3.05 
5703.59 5694.99 8.6 3.04 
5727.05 5682.2 44.85 3.02 
5727.05 5694.99 32.06 3.01 
5737.07 5682.2 54.87 3.04 
5737.07 5694.99 42.08 3.03 
5737.07 5805.22 68.15 3.11 
6039.73 5996.73 43.0 3.18 
6039.73 6086.29 46.56 3.21 
6081.45 6086.29 4.84 3.22 
6081.45 6111.08 29.63 3.04 
6081.45 6119.76 38.31 3.22 
6081.45 6130.14 48.69 3.22 
6090.21 6086.29 3.92 3.19 
6090.21 6111.08 20.87 3.01 
6090.21 6119.76 29.55 3.19 
6090.21 6130.14 39.93 3.19 
6111.65 6086.29 25.36 3.23 
6111.65 6111.08 0.57 3.05 
6111.65 6119.76 8.11 3.23 
6111.65 6130.14 18.49 3.23 
6111.65 6175.37 63.72 3.05 
6111.65 6176.82 65.17 3.05 
6135.36 6086.29 49.07 3.22 
6135.36 6111.08 24.28 3.04 
6135.36 6119.76 15.6 3.22 
6135.36 6130.14 5.22 3.22 
6135.36 6175.37 40.01 3.04 
6135.36 6176.82 41.46 3.04 
6135.36 6186.72 51.36 3.06 
6135.36 6204.61 69.25 3.04 
6216.35 6175.37 40.98 3.81 
6216.35 6176.82 39.53 3.81 
6216.35 6186.72 29.63 3.83 
6216.35 6204.61 11.74 3.81 
6216.35 6223.99 7.64 3.83 
6216.35 6230.1 13.75 3.83 
6224.51 6175.37 49.14 3.8 
6224.51 6176.82 47.69 3.8 
6224.51 6186.72 37.79 3.82 
6224.51 6204.61 19.9 3.8 
6224.51 6223.99 0.52 3.82 
6224.51 6230.1 5.59 3.82 
6251.83 6186.72 65.11 3.82 
6251.83 6204.61 47.22 3.8 
6251.83 6223.99 27.84 3.82 
6251.83 6230.1 21.73 3.82 
6274.66 6223.99 50.67 3.84 
6274.66 6230.1 44.56 3.84 
6274.66 6322.17 47.51 3.88 
6285.17 6223.99 61.18 3.83 
6285.17 6230.1 55.07 3.83 
6285.17 6322.17 37.0 3.87 
4600.75 4588.2 12.55 3.07 
4600.75 4592.05 8.7 3.07 
4626.18 4588.2 37.98 3.1 
4626.18 4592.05 34.13 3.1 
5296.7 5342.71 46.01 3.04 
5296.7 5359.2 62.5 3.17 
5300.75 5342.71 41.96 3.04 
5300.75 5359.2 58.45 3.17 
6330.13 6322.17 7.96 3.21 
6330.13 6360.81 30.68 3.23 
6330.13 6378.26 48.13 3.21 
6330.13 6362.35 32.22 4.85 
5081.11 5092.8 11.69 3.47 
5094.41 5092.8 1.61 3.45 
5805.22 5853.69 48.47 3.57 
6086.29 6141.73 55.44 3.57 
6111.08 6141.73 30.65 3.39 
6119.76 6141.73 21.97 3.57 
6130.14 6141.73 11.59 3.57 
6175.37 6141.73 33.64 3.39 
6176.82 6141.73 35.09 3.39 
6186.72 6141.73 44.99 3.41 
6204.61 6141.73 62.88 3.39 
6327.6 6362.35 34.75 4.11 
