Constraints: <210.0 >3.0 
0 57 
0 58 
0 60 
0 61 
0 63 
0 64 
0 67 
0 69 
0 73 
0 74 
0 75 
0 77 
0 78 
0 79 
0 81 
0 82 
0 84 
0 85 
0 86 
0 87 
0 90 
0 91 
0 92 
0 93 
0 94 
0 95 
0 96 
0 97 
0 98 
0 99 
0 100 
0 101 
0 102 
0 103 
0 104 
0 105 
0 106 
0 107 
0 108 
0 109 
0 111 
0 275 
0 276 
0 278 
0 280 
0 281 
0 282 
0 300 
0 301 
0 424 
0 427 
0 442 
0 443 
0 444 
0 449 
0 450 
0 451 
0 462 
0 463 
0 465 
0 506 
0 507 
1 164 
1 174 
1 336 
1 352 
1 354 
1 355 
1 356 
1 382 
1 385 
1 399 
1 400 
1 401 
1 402 
1 403 
1 515 
2 164 
2 174 
2 192 
2 303 
2 336 
2 357 
2 382 
2 385 
2 387 
2 388 
2 389 
2 403 
2 404 
2 405 
2 406 
2 407 
2 408 
2 409 
2 410 
2 479 
2 483 
2 485 
2 488 
2 515 
2 516 
3 303 
3 324 
3 325 
3 326 
3 327 
3 328 
3 329 
3 330 
3 336 
3 509 
4 224 
4 228 
4 235 
4 242 
4 299 
4 302 
4 337 
4 359 
4 390 
5 302 
5 333 
5 334 
5 335 
5 337 
6 361 
6 362 
7 361 
7 362 
8 361 
8 362 
9 360 
9 361 
9 362 
11 361 
11 362 
13 361 
13 362 
14 361 
14 362 
17 360 
17 361 
17 362 
18 361 
18 362 
19 40 
20 24 
20 26 
20 29 
20 40 
21 360 
21 361 
21 362 
21 415 
22 361 
22 362 
24 350 
24 360 
24 361 
24 362 
24 363 
24 365 
24 366 
24 391 
24 392 
24 393 
24 394 
24 414 
24 415 
26 31 
26 350 
26 360 
26 361 
26 362 
26 363 
26 365 
26 366 
26 391 
26 392 
26 393 
26 394 
26 414 
26 415 
27 361 
27 362 
29 31 
29 350 
29 360 
29 361 
29 362 
29 363 
29 365 
29 366 
29 391 
29 392 
29 393 
29 394 
29 414 
29 415 
29 510 
30 361 
30 362 
31 40 
32 362 
33 362 
34 362 
34 368 
35 362 
35 368 
36 362 
36 368 
37 362 
37 368 
39 362 
39 368 
40 54 
40 350 
40 362 
40 363 
40 365 
40 366 
40 368 
40 392 
40 393 
40 394 
40 414 
40 415 
40 423 
40 510 
41 362 
41 368 
42 362 
42 368 
43 362 
43 368 
44 362 
44 368 
45 300 
45 368 
45 369 
45 370 
45 518 
46 54 
46 300 
46 368 
46 369 
46 370 
46 518 
47 300 
48 300 
48 368 
48 370 
49 54 
49 62 
49 65 
49 68 
49 72 
49 300 
49 368 
49 369 
49 370 
49 423 
49 510 
49 511 
49 518 
50 300 
50 368 
50 370 
50 518 
51 54 
51 62 
51 65 
51 68 
51 72 
51 300 
51 368 
51 369 
51 370 
51 423 
51 510 
51 511 
51 518 
52 54 
52 62 
52 65 
52 68 
52 72 
52 300 
52 368 
52 369 
52 370 
52 423 
52 510 
52 511 
52 518 
53 54 
53 62 
53 65 
53 68 
53 72 
53 300 
53 368 
53 369 
53 370 
53 423 
53 510 
53 511 
53 512 
53 518 
54 58 
54 60 
54 61 
54 63 
54 64 
54 67 
54 69 
54 73 
54 74 
54 75 
54 77 
54 78 
54 79 
54 300 
54 508 
55 300 
56 300 
57 83 
57 88 
57 300 
57 368 
57 370 
57 375 
57 518 
58 62 
58 65 
58 68 
58 72 
58 83 
58 88 
58 300 
58 368 
58 369 
58 370 
58 375 
58 423 
58 426 
58 510 
58 511 
58 512 
58 518 
59 300 
60 62 
60 65 
60 68 
60 72 
60 83 
60 88 
60 300 
60 368 
60 369 
60 370 
60 375 
60 423 
60 426 
60 510 
60 511 
60 512 
60 518 
61 62 
61 65 
61 68 
61 72 
61 83 
61 88 
61 300 
61 368 
61 369 
61 370 
61 375 
61 423 
61 426 
61 510 
61 511 
61 512 
61 518 
62 63 
62 64 
62 67 
62 73 
62 74 
62 75 
62 77 
62 78 
62 79 
62 84 
62 87 
62 300 
63 65 
63 68 
63 72 
63 83 
63 88 
63 300 
63 368 
63 369 
63 370 
63 375 
63 423 
63 426 
63 428 
63 510 
63 511 
63 512 
63 518 
64 65 
64 68 
64 72 
64 83 
64 88 
64 300 
64 368 
64 369 
64 370 
64 375 
64 423 
64 426 
64 428 
64 429 
64 510 
64 511 
64 512 
64 518 
65 67 
65 73 
65 74 
65 75 
65 77 
65 78 
65 79 
65 84 
65 87 
65 93 
65 95 
65 300 
66 300 
67 68 
67 72 
67 83 
67 88 
67 300 
67 368 
67 369 
67 370 
67 375 
67 423 
67 426 
67 428 
67 429 
67 510 
67 511 
67 512 
67 518 
68 69 
68 73 
68 74 
68 75 
68 77 
68 78 
68 79 
68 84 
68 87 
68 93 
68 95 
68 300 
69 83 
69 88 
69 300 
69 368 
69 369 
69 370 
69 375 
69 423 
69 518 
70 300 
71 300 
72 73 
72 74 
72 75 
72 77 
72 78 
72 79 
72 84 
72 87 
72 93 
72 95 
72 96 
72 300 
72 449 
72 451 
73 83 
73 88 
73 300 
73 368 
73 369 
73 370 
73 375 
73 423 
73 426 
73 428 
73 429 
73 511 
73 512 
73 518 
74 83 
74 88 
74 300 
74 301 
74 368 
74 369 
74 370 
74 372 
74 373 
74 374 
74 375 
74 426 
74 428 
74 429 
74 511 
74 512 
74 518 
75 83 
75 88 
75 300 
75 301 
75 368 
75 369 
75 370 
75 375 
75 426 
75 428 
75 429 
75 511 
75 512 
75 518 
76 300 
76 301 
77 83 
77 88 
77 300 
77 301 
77 368 
77 369 
77 370 
77 375 
77 426 
77 428 
77 429 
77 511 
77 512 
77 518 
78 83 
78 88 
78 300 
78 301 
78 368 
78 369 
78 370 
78 375 
78 426 
78 428 
78 429 
78 511 
78 512 
78 518 
79 83 
79 88 
79 300 
79 301 
79 368 
79 369 
79 370 
79 375 
79 426 
79 428 
79 429 
79 511 
79 512 
79 518 
80 300 
80 301 
81 83 
81 88 
81 300 
81 301 
81 370 
81 375 
82 83 
82 88 
82 282 
82 300 
82 301 
82 370 
82 375 
82 518 
83 84 
83 85 
83 86 
83 87 
83 90 
83 91 
83 92 
83 93 
83 94 
83 95 
83 96 
83 97 
83 98 
83 99 
83 100 
83 101 
83 102 
83 103 
83 104 
83 105 
83 106 
83 107 
83 108 
83 275 
83 276 
83 278 
83 280 
83 281 
83 282 
83 300 
83 301 
83 424 
83 427 
83 442 
83 443 
83 444 
83 449 
83 450 
83 451 
83 462 
83 463 
83 465 
83 506 
83 507 
84 88 
84 300 
84 301 
84 370 
84 375 
84 426 
84 428 
84 429 
84 511 
84 512 
84 518 
85 88 
85 282 
85 300 
85 301 
85 370 
85 375 
86 88 
86 282 
86 300 
86 301 
86 370 
86 375 
86 518 
87 88 
87 300 
87 301 
87 370 
87 375 
87 426 
87 428 
87 429 
87 511 
87 512 
87 518 
88 90 
88 91 
88 92 
88 93 
88 94 
88 95 
88 96 
88 97 
88 98 
88 99 
88 100 
88 101 
88 102 
88 103 
88 104 
88 105 
88 106 
88 107 
88 108 
88 109 
88 111 
88 275 
88 276 
88 278 
88 280 
88 281 
88 282 
88 300 
88 301 
88 424 
88 427 
88 442 
88 443 
88 444 
88 449 
88 450 
88 451 
88 462 
88 463 
88 465 
88 506 
88 507 
89 282 
89 300 
89 301 
90 282 
90 300 
90 301 
90 375 
91 282 
91 301 
91 375 
92 282 
92 301 
92 375 
92 518 
93 301 
93 375 
93 426 
93 428 
93 429 
93 511 
93 512 
93 518 
94 282 
94 301 
94 375 
94 518 
95 301 
95 375 
95 426 
95 428 
95 429 
95 511 
95 512 
95 518 
96 301 
96 375 
96 426 
96 428 
96 429 
96 512 
97 301 
97 375 
97 376 
97 426 
97 428 
97 429 
97 512 
98 301 
98 375 
98 426 
98 428 
98 429 
98 512 
99 282 
99 301 
99 375 
100 301 
100 375 
100 426 
100 428 
100 429 
100 512 
101 301 
101 375 
101 426 
101 428 
101 429 
101 512 
102 301 
102 375 
102 426 
102 428 
102 429 
102 512 
103 301 
103 375 
103 426 
103 428 
103 429 
103 512 
104 301 
104 375 
104 426 
104 428 
104 429 
104 512 
105 301 
105 375 
105 426 
105 428 
105 429 
105 512 
106 301 
106 375 
106 426 
106 428 
106 429 
106 512 
107 301 
107 375 
107 426 
107 428 
107 429 
108 301 
108 426 
108 428 
108 429 
109 301 
109 426 
109 428 
109 429 
110 282 
110 301 
111 301 
111 426 
111 428 
111 429 
112 301 
112 399 
112 428 
112 429 
113 301 
113 399 
113 428 
113 429 
114 282 
114 301 
115 301 
115 399 
115 428 
115 429 
116 301 
116 399 
116 428 
116 429 
117 301 
117 399 
117 428 
117 429 
118 301 
118 399 
118 400 
118 401 
119 301 
119 399 
119 400 
119 401 
119 402 
120 282 
120 301 
121 301 
121 399 
121 400 
121 401 
121 402 
122 301 
122 399 
122 400 
122 401 
122 402 
123 301 
123 399 
123 400 
123 401 
123 402 
124 301 
124 399 
124 400 
124 401 
124 402 
125 301 
125 399 
125 400 
125 401 
125 402 
126 282 
126 301 
126 320 
127 351 
127 352 
127 353 
127 354 
127 355 
127 356 
127 376 
127 397 
127 398 
127 399 
127 400 
127 401 
127 402 
127 466 
127 468 
127 469 
127 478 
127 480 
127 513 
128 282 
128 301 
129 301 
129 399 
129 400 
129 401 
129 402 
130 352 
130 354 
130 355 
130 356 
130 376 
130 399 
130 400 
130 401 
130 402 
131 399 
131 400 
131 401 
131 402 
132 399 
132 400 
132 401 
132 402 
133 351 
133 352 
133 353 
133 354 
133 355 
133 356 
133 376 
133 399 
133 400 
133 401 
133 402 
133 466 
133 468 
133 469 
133 478 
133 480 
134 399 
134 400 
134 401 
134 402 
135 282 
136 399 
136 400 
136 401 
136 402 
137 399 
137 400 
137 401 
137 402 
138 164 
138 305 
138 351 
138 352 
138 353 
138 354 
138 355 
138 356 
138 376 
138 399 
138 400 
138 401 
138 402 
138 468 
138 469 
138 478 
138 479 
138 480 
138 515 
139 352 
139 376 
139 399 
139 400 
139 401 
139 402 
139 515 
140 399 
140 400 
140 401 
140 402 
140 515 
141 399 
141 400 
141 401 
141 402 
141 515 
142 382 
142 399 
142 400 
142 401 
142 402 
142 515 
143 382 
143 399 
143 400 
143 401 
143 402 
143 515 
144 382 
144 399 
144 400 
144 401 
144 402 
144 515 
145 164 
145 352 
145 354 
145 355 
145 356 
145 376 
145 382 
145 399 
145 400 
145 401 
145 402 
145 515 
146 382 
146 399 
146 400 
146 401 
146 402 
146 515 
147 320 
148 382 
148 399 
148 400 
148 401 
148 402 
148 515 
149 164 
149 352 
149 354 
149 355 
149 356 
149 382 
149 399 
149 400 
149 401 
149 402 
149 515 
150 382 
150 399 
150 400 
150 401 
150 402 
150 515 
151 382 
151 399 
151 400 
151 401 
151 402 
151 515 
152 382 
152 399 
152 400 
152 401 
152 402 
152 515 
153 164 
153 174 
153 352 
153 354 
153 355 
153 356 
153 382 
153 399 
153 400 
153 401 
153 402 
153 515 
154 174 
154 382 
154 399 
154 400 
154 401 
154 402 
154 515 
155 174 
155 382 
155 399 
155 400 
155 401 
155 402 
155 515 
156 174 
156 382 
156 399 
156 400 
156 401 
156 402 
156 515 
157 164 
157 174 
157 352 
157 354 
157 355 
157 356 
157 382 
157 399 
157 400 
157 401 
157 402 
157 515 
158 174 
158 515 
159 174 
159 382 
159 399 
159 400 
159 401 
159 402 
159 515 
160 174 
160 382 
160 399 
160 400 
160 401 
160 402 
160 515 
161 174 
161 382 
161 399 
161 400 
161 401 
161 402 
161 515 
163 164 
163 174 
163 336 
163 352 
163 354 
163 355 
163 356 
163 382 
163 399 
163 400 
163 401 
163 402 
163 403 
163 515 
164 166 
164 167 
164 168 
164 170 
164 171 
164 172 
164 175 
164 176 
164 177 
164 179 
164 316 
164 317 
164 318 
164 319 
164 320 
164 321 
164 322 
164 323 
164 336 
165 174 
165 336 
165 382 
165 385 
165 399 
165 400 
165 401 
165 402 
165 403 
165 515 
166 174 
166 336 
166 352 
166 354 
166 355 
166 356 
166 382 
166 385 
166 399 
166 400 
166 401 
166 402 
166 403 
166 515 
167 174 
167 336 
167 382 
167 385 
167 400 
167 401 
167 402 
167 403 
167 404 
167 405 
167 406 
167 515 
168 174 
168 336 
168 382 
168 385 
168 400 
168 401 
168 402 
168 403 
168 404 
168 405 
168 406 
168 515 
169 320 
169 324 
169 336 
170 174 
170 192 
170 336 
170 382 
170 385 
170 387 
170 401 
170 402 
170 403 
170 404 
170 405 
170 406 
170 407 
170 515 
171 174 
171 192 
171 336 
171 382 
171 385 
171 387 
171 401 
171 402 
171 403 
171 404 
171 405 
171 406 
171 407 
171 515 
172 174 
172 192 
172 336 
172 382 
172 385 
172 387 
172 401 
172 402 
172 403 
172 404 
172 405 
172 406 
172 407 
172 515 
173 174 
173 192 
173 336 
173 515 
173 516 
174 175 
174 176 
174 177 
174 179 
174 180 
174 181 
174 182 
174 183 
174 185 
174 186 
174 188 
174 189 
174 190 
174 191 
174 193 
174 195 
174 196 
174 197 
174 288 
174 303 
174 320 
174 321 
174 322 
174 323 
174 324 
174 325 
174 326 
174 336 
174 481 
174 482 
174 484 
174 486 
174 487 
174 489 
175 192 
175 303 
175 336 
175 382 
175 385 
175 387 
175 403 
175 404 
175 405 
175 406 
175 407 
175 515 
175 516 
176 192 
176 303 
176 336 
176 382 
176 385 
176 387 
176 403 
176 404 
176 405 
176 406 
176 407 
176 479 
176 483 
176 485 
176 488 
176 515 
176 516 
177 192 
177 303 
177 336 
177 382 
177 385 
177 387 
177 403 
177 404 
177 405 
177 406 
177 407 
177 479 
177 483 
177 485 
177 488 
177 515 
177 516 
178 303 
178 324 
178 325 
178 326 
178 327 
178 336 
179 192 
179 303 
179 336 
179 382 
179 385 
179 387 
179 403 
179 404 
179 405 
179 406 
179 407 
179 408 
179 409 
179 515 
179 516 
180 192 
180 303 
180 336 
180 382 
180 385 
180 387 
180 403 
180 404 
180 405 
180 406 
180 407 
180 408 
180 409 
180 515 
180 516 
181 192 
181 303 
181 336 
181 382 
181 385 
181 387 
181 403 
181 404 
181 405 
181 406 
181 407 
181 408 
181 409 
181 515 
181 516 
182 192 
182 303 
182 336 
182 382 
182 385 
182 387 
182 403 
182 404 
182 405 
182 406 
182 407 
182 408 
182 409 
182 515 
182 516 
183 192 
183 303 
183 336 
183 382 
183 385 
183 387 
183 403 
183 404 
183 405 
183 406 
183 407 
183 408 
183 409 
183 410 
183 515 
183 516 
184 303 
184 324 
184 325 
184 326 
184 327 
184 328 
184 329 
184 330 
184 336 
185 192 
185 303 
185 336 
185 357 
185 385 
185 387 
185 388 
185 389 
185 403 
185 404 
185 405 
185 406 
185 407 
185 408 
185 409 
185 410 
185 411 
185 412 
185 483 
185 485 
185 488 
185 516 
186 192 
186 303 
186 336 
186 357 
186 385 
186 387 
186 388 
186 389 
186 403 
186 404 
186 405 
186 406 
186 407 
186 408 
186 409 
186 410 
186 411 
186 412 
186 516 
187 303 
187 324 
187 325 
187 326 
187 327 
187 328 
187 329 
187 330 
187 336 
188 192 
188 303 
188 336 
188 357 
188 385 
188 387 
188 388 
188 389 
188 403 
188 404 
188 405 
188 406 
188 407 
188 408 
188 409 
188 410 
188 411 
188 412 
188 516 
189 192 
189 303 
189 304 
189 336 
189 357 
189 385 
189 387 
189 388 
189 389 
189 403 
189 404 
189 405 
189 406 
189 407 
189 408 
189 409 
189 410 
189 411 
189 412 
189 516 
190 192 
190 303 
190 304 
190 336 
190 408 
190 409 
190 410 
190 411 
190 412 
190 516 
191 192 
191 303 
191 304 
191 336 
191 357 
191 385 
191 387 
191 388 
191 389 
191 403 
191 404 
191 405 
191 406 
191 407 
191 408 
191 409 
191 410 
191 411 
191 412 
191 516 
192 193 
192 195 
192 196 
192 197 
192 200 
192 210 
192 212 
192 213 
192 303 
192 310 
192 311 
192 323 
192 324 
192 325 
192 326 
192 327 
192 328 
192 329 
192 330 
192 336 
192 482 
192 484 
192 486 
192 487 
192 489 
192 490 
192 491 
192 493 
192 494 
192 495 
192 496 
192 497 
193 303 
193 304 
193 336 
193 385 
193 387 
193 403 
193 404 
193 405 
193 406 
193 407 
193 408 
193 409 
193 410 
193 411 
193 412 
193 433 
193 516 
194 303 
194 324 
194 325 
194 326 
194 327 
194 328 
194 329 
194 330 
194 336 
195 217 
195 303 
195 304 
195 336 
195 385 
195 387 
195 403 
195 404 
195 405 
195 406 
195 407 
195 408 
195 409 
195 410 
195 411 
195 412 
195 433 
195 516 
196 217 
196 303 
196 304 
196 336 
196 357 
196 358 
196 385 
196 387 
196 388 
196 389 
196 403 
196 404 
196 405 
196 406 
196 407 
196 408 
196 409 
196 410 
196 411 
196 412 
196 433 
196 516 
197 217 
197 303 
197 304 
197 336 
197 385 
197 387 
197 403 
197 404 
197 405 
197 406 
197 407 
197 408 
197 409 
197 410 
197 411 
197 412 
197 433 
197 516 
198 303 
198 324 
198 325 
198 326 
198 327 
198 328 
198 329 
198 330 
198 336 
198 509 
199 303 
199 327 
199 336 
199 509 
200 217 
200 303 
200 304 
200 336 
200 408 
200 409 
200 410 
200 411 
200 412 
200 433 
200 516 
201 303 
201 324 
201 325 
201 326 
201 327 
201 328 
201 329 
201 330 
201 331 
201 336 
201 509 
202 303 
202 324 
202 325 
202 326 
202 327 
202 328 
202 329 
202 330 
202 331 
202 336 
202 509 
203 217 
203 303 
203 304 
203 336 
203 408 
203 409 
203 410 
203 411 
203 412 
203 516 
204 217 
204 303 
204 304 
204 336 
204 408 
204 409 
204 410 
204 411 
204 412 
204 516 
205 303 
205 327 
205 331 
205 336 
206 303 
206 304 
206 336 
206 408 
206 409 
206 410 
206 411 
206 412 
207 296 
207 303 
207 324 
207 325 
207 326 
207 327 
207 328 
207 329 
207 330 
207 331 
207 336 
207 509 
208 296 
208 303 
208 324 
208 325 
208 326 
208 327 
208 328 
208 329 
208 330 
208 331 
208 509 
209 303 
209 327 
209 331 
210 217 
210 223 
210 303 
210 304 
210 357 
210 358 
210 387 
210 388 
210 389 
210 404 
210 405 
210 406 
210 407 
210 408 
210 409 
210 410 
210 411 
210 412 
210 433 
210 485 
210 488 
210 498 
210 516 
210 517 
211 296 
211 303 
211 324 
211 325 
211 326 
211 327 
211 328 
211 329 
211 330 
211 331 
211 509 
212 217 
212 223 
212 303 
212 304 
212 387 
212 406 
212 407 
212 408 
212 409 
212 410 
212 411 
212 412 
212 433 
212 516 
212 517 
213 217 
213 223 
213 303 
213 304 
213 387 
213 406 
213 407 
213 408 
213 409 
213 410 
213 411 
213 412 
213 433 
213 516 
213 517 
214 303 
214 324 
214 325 
214 326 
214 327 
214 328 
214 329 
214 330 
214 331 
214 332 
214 509 
215 296 
215 303 
215 325 
215 326 
215 327 
215 328 
215 329 
215 330 
215 331 
215 332 
215 509 
216 303 
216 304 
216 408 
216 409 
216 410 
216 411 
216 412 
216 517 
217 218 
217 219 
217 288 
217 289 
217 290 
217 291 
217 293 
217 294 
217 296 
217 297 
217 303 
217 310 
217 311 
217 327 
217 328 
217 329 
217 330 
217 331 
217 332 
217 490 
217 491 
217 493 
217 494 
217 495 
217 496 
217 497 
217 499 
217 500 
217 509 
218 223 
218 302 
218 304 
218 408 
218 409 
218 410 
218 411 
218 412 
218 433 
218 517 
219 223 
219 224 
219 302 
219 304 
219 357 
219 358 
219 388 
219 389 
219 408 
219 409 
219 410 
219 411 
219 412 
219 433 
219 498 
219 517 
220 296 
220 302 
220 327 
220 328 
220 329 
220 330 
220 331 
220 332 
220 333 
220 509 
221 296 
221 302 
221 328 
221 329 
221 330 
221 331 
221 332 
221 333 
221 509 
222 296 
222 302 
222 331 
222 332 
222 333 
222 509 
223 229 
223 231 
223 232 
223 234 
223 296 
223 302 
223 310 
223 311 
223 331 
223 332 
223 333 
223 434 
223 497 
223 499 
223 500 
223 501 
223 502 
223 509 
224 229 
224 232 
224 234 
224 236 
224 238 
224 240 
224 241 
224 243 
224 245 
224 296 
224 302 
224 331 
224 332 
224 333 
224 334 
224 335 
224 337 
225 296 
225 302 
225 331 
225 332 
225 333 
225 334 
225 335 
225 337 
226 296 
226 302 
226 331 
226 332 
226 333 
226 334 
226 335 
226 337 
227 302 
227 331 
227 332 
227 333 
227 334 
227 335 
227 337 
228 229 
228 231 
228 232 
228 234 
228 236 
228 237 
228 238 
228 239 
228 240 
228 241 
228 243 
228 244 
228 245 
228 246 
228 247 
228 249 
228 250 
228 252 
228 296 
228 302 
228 332 
228 333 
228 334 
228 335 
228 337 
228 434 
228 501 
228 502 
229 235 
229 299 
229 302 
229 337 
229 359 
229 390 
229 517 
230 302 
230 332 
230 333 
230 334 
230 335 
230 337 
231 299 
231 302 
231 337 
231 390 
231 517 
232 235 
232 242 
232 299 
232 302 
232 337 
232 359 
232 390 
232 517 
233 302 
233 332 
233 333 
233 334 
233 335 
233 337 
234 235 
234 242 
234 299 
234 302 
234 337 
234 359 
234 390 
234 517 
235 236 
235 238 
235 240 
235 241 
235 243 
235 245 
235 247 
235 249 
235 250 
235 252 
235 253 
235 255 
235 256 
235 257 
235 259 
235 261 
235 262 
235 302 
235 332 
235 333 
235 334 
235 335 
235 337 
236 242 
236 299 
236 302 
236 337 
236 359 
236 390 
237 299 
237 302 
237 337 
237 390 
238 242 
238 299 
238 302 
238 337 
238 359 
238 390 
239 299 
239 302 
239 337 
239 390 
240 242 
240 299 
240 302 
240 337 
240 359 
240 390 
241 242 
241 299 
241 302 
241 337 
241 359 
241 390 
242 243 
242 245 
242 247 
242 249 
242 250 
242 252 
242 253 
242 255 
242 257 
242 259 
242 261 
242 262 
242 302 
242 333 
242 334 
242 335 
242 337 
243 299 
243 302 
243 337 
243 359 
243 390 
244 299 
244 302 
244 337 
244 390 
245 299 
245 302 
245 337 
245 359 
245 390 
246 299 
246 302 
246 337 
246 390 
247 299 
247 302 
247 337 
247 359 
247 390 
248 334 
248 335 
248 337 
249 299 
249 337 
249 359 
250 299 
250 337 
251 299 
251 337 
252 299 
252 337 
253 299 
253 337 
254 334 
254 335 
254 337 
255 299 
255 337 
256 299 
256 337 
257 299 
257 337 
258 299 
258 337 
259 299 
259 337 
260 334 
260 335 
260 337 
261 299 
261 337 
262 299 
262 337 
273 300 
274 300 
275 300 
275 301 
275 368 
275 370 
275 375 
276 282 
276 300 
276 301 
276 370 
276 375 
277 282 
277 300 
277 301 
278 282 
278 301 
278 375 
279 282 
279 301 
280 282 
280 301 
280 375 
281 282 
281 301 
281 375 
282 283 
282 284 
282 338 
282 339 
282 340 
282 351 
282 353 
282 375 
282 376 
282 377 
282 397 
282 398 
282 425 
282 426 
282 427 
282 428 
282 429 
282 448 
282 450 
282 466 
282 468 
282 469 
282 513 
283 301 
284 301 
285 303 
285 336 
286 303 
286 336 
287 303 
287 304 
287 336 
288 303 
288 304 
288 336 
288 408 
288 409 
288 410 
288 411 
288 412 
288 516 
289 303 
289 304 
289 336 
289 408 
289 409 
289 410 
289 411 
289 412 
289 516 
290 303 
290 304 
290 336 
290 408 
290 409 
290 410 
290 411 
290 412 
290 516 
291 303 
291 304 
291 336 
291 408 
291 409 
291 410 
291 411 
291 412 
291 516 
293 302 
293 304 
293 408 
293 409 
293 410 
293 411 
293 412 
293 517 
294 302 
294 304 
294 408 
294 409 
294 410 
294 411 
294 412 
294 517 
295 302 
295 333 
296 304 
296 346 
296 347 
296 348 
296 349 
296 357 
296 358 
296 359 
296 388 
296 389 
296 390 
296 410 
296 411 
296 412 
296 433 
296 498 
296 517 
297 302 
297 304 
297 390 
297 410 
297 411 
297 412 
297 517 
298 302 
298 333 
299 302 
299 312 
299 313 
299 332 
299 333 
299 334 
299 335 
299 337 
299 434 
299 435 
299 501 
299 502 
299 504 
299 505 
300 338 
300 367 
300 368 
300 369 
300 370 
300 371 
300 372 
300 373 
300 374 
300 375 
300 395 
300 396 
300 422 
300 423 
300 424 
300 425 
300 426 
300 438 
300 457 
300 458 
300 459 
300 460 
300 461 
300 462 
300 463 
300 464 
300 506 
300 507 
300 510 
300 511 
300 512 
300 514 
300 518 
301 338 
301 339 
301 340 
301 351 
301 353 
301 375 
301 376 
301 377 
301 396 
301 397 
301 398 
301 424 
301 425 
301 426 
301 427 
301 428 
301 429 
301 442 
301 443 
301 444 
301 448 
301 449 
301 450 
301 451 
301 465 
301 466 
301 467 
301 468 
301 469 
301 470 
301 506 
301 507 
301 512 
301 513 
302 312 
302 313 
302 346 
302 347 
302 348 
302 349 
302 359 
302 390 
302 434 
302 500 
302 501 
302 502 
302 503 
302 504 
302 517 
303 304 
303 306 
303 307 
303 310 
303 311 
303 323 
303 324 
303 325 
303 326 
303 327 
303 328 
303 329 
303 330 
303 342 
303 343 
303 344 
303 345 
303 357 
303 358 
303 383 
303 384 
303 385 
303 386 
303 387 
303 388 
303 389 
303 403 
303 404 
303 405 
303 406 
303 407 
303 408 
303 409 
303 410 
303 411 
303 412 
303 433 
303 482 
303 483 
303 484 
303 485 
303 486 
303 487 
303 488 
303 489 
303 490 
303 491 
303 492 
303 493 
303 494 
303 495 
303 496 
303 497 
303 498 
303 499 
303 509 
303 516 
304 310 
304 311 
304 324 
304 325 
304 326 
304 327 
304 328 
304 329 
304 330 
304 331 
304 486 
304 487 
304 489 
304 490 
304 491 
304 493 
304 494 
304 495 
304 496 
304 497 
304 499 
304 500 
304 509 
305 320 
306 310 
306 311 
306 324 
306 325 
306 326 
306 327 
306 328 
306 329 
306 330 
306 336 
306 509 
307 310 
307 311 
307 324 
307 325 
307 326 
307 327 
307 328 
307 329 
307 330 
307 336 
307 509 
308 360 
308 361 
308 362 
308 363 
308 365 
308 391 
308 392 
308 393 
308 394 
308 414 
308 415 
308 510 
309 382 
309 399 
309 400 
309 401 
309 402 
309 515 
310 357 
310 358 
310 387 
310 388 
310 389 
310 406 
310 407 
310 408 
310 409 
310 410 
310 411 
310 412 
310 433 
310 488 
310 492 
310 498 
310 516 
310 517 
311 357 
311 358 
311 387 
311 388 
311 389 
311 406 
311 407 
311 408 
311 409 
311 410 
311 411 
311 412 
311 433 
311 488 
311 492 
311 498 
311 516 
311 517 
312 337 
313 337 
314 351 
314 352 
314 353 
314 354 
314 355 
314 356 
314 376 
314 397 
314 398 
314 399 
314 400 
314 401 
314 466 
314 468 
314 469 
314 513 
315 351 
315 352 
315 353 
315 354 
315 355 
315 356 
315 376 
315 398 
315 399 
315 400 
315 401 
315 402 
315 466 
315 468 
315 469 
315 478 
315 480 
316 351 
316 352 
316 353 
316 354 
316 355 
316 356 
316 376 
316 399 
316 400 
316 401 
316 402 
316 468 
316 469 
316 479 
316 480 
316 515 
317 351 
317 352 
317 353 
317 354 
317 355 
317 356 
317 376 
317 382 
317 399 
317 400 
317 401 
317 402 
317 468 
317 469 
317 478 
317 479 
317 480 
317 515 
318 351 
318 352 
318 353 
318 354 
318 355 
318 356 
318 376 
318 382 
318 399 
318 400 
318 401 
318 402 
318 468 
318 469 
318 479 
318 480 
318 515 
319 351 
319 352 
319 353 
319 354 
319 355 
319 356 
319 382 
319 399 
319 400 
319 401 
319 402 
319 468 
319 469 
319 479 
319 480 
319 515 
320 352 
320 354 
320 355 
320 356 
320 378 
320 379 
320 380 
320 382 
320 399 
320 400 
320 401 
320 402 
320 452 
320 468 
320 469 
320 478 
320 479 
320 480 
320 515 
321 352 
321 354 
321 355 
321 356 
321 382 
321 383 
321 384 
321 399 
321 400 
321 401 
321 402 
321 468 
321 469 
321 478 
321 479 
321 480 
321 515 
322 352 
322 354 
322 355 
322 356 
322 382 
322 383 
322 384 
322 399 
322 400 
322 401 
322 402 
322 469 
322 478 
322 479 
322 480 
322 483 
322 515 
323 382 
323 383 
323 384 
323 385 
323 387 
323 403 
323 404 
323 405 
323 406 
323 407 
323 478 
323 479 
323 480 
323 483 
323 485 
323 488 
323 515 
323 516 
324 342 
324 343 
324 344 
324 345 
324 357 
324 358 
324 383 
324 384 
324 385 
324 386 
324 387 
324 388 
324 389 
324 403 
324 404 
324 405 
324 406 
324 407 
324 408 
324 409 
324 410 
324 411 
324 412 
324 433 
324 483 
324 485 
324 488 
324 492 
324 498 
324 516 
325 342 
325 343 
325 344 
325 345 
325 357 
325 358 
325 383 
325 384 
325 385 
325 386 
325 387 
325 388 
325 389 
325 403 
325 404 
325 405 
325 406 
325 407 
325 408 
325 409 
325 410 
325 411 
325 412 
325 433 
325 483 
325 485 
325 488 
325 492 
325 498 
325 516 
326 342 
326 343 
326 344 
326 345 
326 357 
326 358 
326 383 
326 384 
326 385 
326 386 
326 387 
326 388 
326 389 
326 403 
326 404 
326 405 
326 406 
326 407 
326 408 
326 409 
326 410 
326 411 
326 412 
326 433 
326 483 
326 485 
326 488 
326 492 
326 498 
326 516 
327 342 
327 343 
327 344 
327 345 
327 357 
327 358 
327 385 
327 386 
327 387 
327 388 
327 389 
327 403 
327 404 
327 405 
327 406 
327 407 
327 408 
327 409 
327 410 
327 411 
327 412 
327 433 
327 483 
327 485 
327 488 
327 492 
327 498 
327 516 
328 342 
328 343 
328 344 
328 345 
328 357 
328 358 
328 385 
328 386 
328 387 
328 388 
328 389 
328 403 
328 404 
328 405 
328 406 
328 407 
328 408 
328 409 
328 410 
328 411 
328 412 
328 433 
328 485 
328 488 
328 492 
328 498 
328 516 
329 342 
329 343 
329 344 
329 345 
329 346 
329 357 
329 358 
329 385 
329 386 
329 387 
329 388 
329 389 
329 403 
329 404 
329 405 
329 406 
329 407 
329 408 
329 409 
329 410 
329 411 
329 412 
329 433 
329 485 
329 488 
329 492 
329 498 
329 516 
330 342 
330 343 
330 344 
330 345 
330 346 
330 357 
330 358 
330 385 
330 386 
330 387 
330 388 
330 389 
330 403 
330 404 
330 405 
330 406 
330 407 
330 408 
330 409 
330 410 
330 411 
330 412 
330 433 
330 485 
330 488 
330 492 
330 498 
330 516 
331 346 
331 347 
331 348 
331 349 
331 357 
331 358 
331 359 
331 388 
331 389 
331 390 
331 408 
331 409 
331 410 
331 411 
331 412 
331 433 
331 498 
331 517 
332 346 
332 347 
332 348 
332 349 
332 358 
332 359 
332 390 
332 433 
332 498 
332 517 
333 346 
333 347 
333 348 
333 349 
333 359 
333 390 
333 503 
333 517 
334 359 
334 390 
334 453 
334 503 
335 359 
335 390 
335 453 
335 503 
336 341 
336 342 
336 343 
336 344 
336 345 
336 357 
336 382 
336 383 
336 384 
336 385 
336 386 
336 387 
336 388 
336 389 
336 403 
336 404 
336 405 
336 406 
336 407 
336 408 
336 409 
336 410 
336 479 
336 482 
336 483 
336 484 
336 485 
336 486 
336 487 
336 488 
336 489 
336 490 
336 491 
336 492 
336 493 
336 494 
336 495 
336 496 
336 515 
336 516 
337 359 
337 390 
337 434 
337 435 
337 453 
337 501 
337 502 
337 503 
337 504 
337 505 
342 509 
343 509 
344 509 
345 509 
346 509 
347 509 
348 509 
349 509 
357 509 
358 509 
359 502 
360 436 
360 437 
361 413 
361 416 
361 418 
361 419 
361 420 
361 436 
361 437 
361 445 
361 454 
362 413 
362 416 
362 418 
362 419 
362 420 
362 421 
362 436 
362 437 
362 445 
362 446 
362 447 
362 454 
362 455 
362 456 
362 508 
363 436 
363 437 
363 508 
365 436 
365 437 
365 508 
368 395 
368 422 
368 438 
368 446 
368 447 
368 455 
368 456 
368 457 
368 458 
368 459 
368 461 
368 462 
368 463 
368 464 
368 508 
369 438 
369 462 
369 508 
370 395 
370 422 
370 424 
370 438 
370 457 
370 458 
370 459 
370 461 
370 462 
370 463 
370 464 
370 506 
370 507 
375 424 
375 427 
375 442 
375 443 
375 444 
375 449 
375 450 
375 451 
375 462 
375 463 
375 464 
375 465 
375 506 
375 507 
382 476 
382 477 
382 481 
382 482 
385 482 
385 484 
385 486 
385 487 
385 489 
385 490 
385 491 
385 493 
385 494 
385 495 
385 496 
387 482 
387 484 
387 486 
387 487 
387 489 
387 490 
387 491 
387 493 
387 494 
387 495 
387 496 
387 497 
388 509 
389 509 
390 434 
390 501 
390 502 
399 471 
399 472 
399 474 
399 475 
399 476 
399 477 
399 481 
400 471 
400 472 
400 474 
400 475 
400 476 
400 477 
400 481 
401 471 
401 472 
401 474 
401 475 
401 476 
401 477 
401 481 
402 471 
402 472 
402 474 
402 475 
402 476 
402 477 
402 481 
403 482 
403 484 
403 486 
403 487 
403 489 
403 490 
403 491 
403 493 
403 494 
403 495 
403 496 
404 482 
404 484 
404 486 
404 487 
404 489 
404 490 
404 491 
404 493 
404 494 
404 495 
404 496 
405 482 
405 484 
405 486 
405 487 
405 489 
405 490 
405 491 
405 493 
405 494 
405 495 
405 496 
406 482 
406 484 
406 486 
406 487 
406 489 
406 490 
406 491 
406 493 
406 494 
406 495 
406 496 
407 482 
407 484 
407 486 
407 487 
407 489 
407 490 
407 491 
407 493 
407 494 
407 495 
407 496 
407 497 
408 484 
408 486 
408 487 
408 489 
408 490 
408 491 
408 493 
408 494 
408 495 
408 496 
408 497 
408 499 
408 500 
408 509 
409 484 
409 486 
409 487 
409 489 
409 490 
409 491 
409 493 
409 494 
409 495 
409 496 
409 497 
409 499 
409 500 
409 509 
410 484 
410 486 
410 487 
410 489 
410 490 
410 491 
410 493 
410 494 
410 495 
410 496 
410 497 
410 499 
410 500 
410 509 
411 484 
411 486 
411 487 
411 489 
411 490 
411 491 
411 493 
411 494 
411 495 
411 496 
411 497 
411 499 
411 500 
411 509 
412 484 
412 486 
412 487 
412 489 
412 490 
412 491 
412 493 
412 494 
412 495 
412 496 
412 497 
412 499 
412 500 
412 509 
414 436 
414 437 
414 508 
415 436 
415 437 
415 508 
423 508 
426 449 
426 451 
426 465 
427 518 
428 449 
428 451 
428 465 
429 449 
429 451 
429 465 
433 489 
433 490 
433 491 
433 493 
433 494 
433 495 
433 496 
433 497 
433 499 
433 500 
433 509 
434 517 
438 518 
449 512 
451 512 
457 518 
458 518 
459 518 
461 518 
462 518 
463 518 
464 518 
465 512 
476 515 
477 515 
481 515 
482 515 
482 516 
484 516 
486 516 
487 516 
489 516 
490 516 
491 516 
492 509 
493 516 
494 516 
495 516 
496 516 
497 516 
497 517 
498 509 
499 517 
500 517 
501 517 
502 517 
506 518 
507 518 
508 510 
509 517 
