WL	Excit	loggf	ele	num	ew_sun
5247.06 0.09   -4.941    FeI   26.0    66.4
5855.08 4.61   -1.531    FeI   26.0    22.3
6056.01 4.73   -0.489    FeI   26.0    72.6
6200.32 2.61   -2.397    FeI   26.0    73.0
6733.15 4.64   -1.429    FeI   26.0    26.7
6750.16 2.42   -2.615    FeI   26.0    74.0
4523.40 3.65   -1.871    FeI   26.0    44.2
4531.62 3.21   -1.801    FeI   26.0    66.4
4537.67 3.27   -2.870    FeI   26.0    17.4
4551.65 3.94   -1.928    FeI   26.0    29.1
4554.46 2.87   -2.752    FeI   26.0    37.4
4556.93 3.25   -2.644    FeI   26.0    26.3
4561.41 2.76   -2.879    FeI   26.0    36.5
4566.52 3.30   -2.156    FeI   26.0    46.2
4574.22 3.21   -2.353    FeI   26.0    41.0
4574.72 2.28   -2.823    FeI   26.0    59.6
4579.33 2.83   -3.024    FeI   26.0    27.3
4593.53 3.94   -1.921    FeI   26.0    29.5
4596.41 3.65   -2.090    FeI   26.0    34.1
4602.00 1.61   -3.163    FeI   26.0    72.2
4602.95 1.49   -2.291    FeI   26.0   123.9
4607.65 3.98   -0.754    FeI   26.0    90.0
4625.05 3.24   -1.222    FeI   26.0    96.7
4630.12 2.28   -2.488    FeI   26.0    74.3
4631.49 4.55   -1.890    FeI   26.0    11.6
4635.85 2.85   -2.384    FeI   26.0    55.5
4661.54 4.56   -1.186    FeI   26.0    38.5
4690.14 3.69   -1.550    FeI   26.0    58.8
4741.53 2.83   -2.027    FeI   26.0    73.1
4749.95 4.56   -1.236    FeI   26.0    36.0
4757.58 3.27   -1.988    FeI   26.0    56.3
4772.82 1.56   -2.752    FeI   26.0    94.0
4779.44 3.42   -2.162    FeI   26.0    41.4
4780.81 3.25   -3.236    FeI   26.0     9.2
4787.83 3.00   -2.532    FeI   26.0    42.8
4788.76 3.24   -1.791    FeI   26.0    67.0
4789.65 3.55   -1.171    FeI   26.0    85.5
4793.97 3.05   -3.464    FeI   26.0     8.6
4794.36 2.42   -3.892    FeI   26.0    12.4
4799.41 3.64   -2.073    FeI   26.0    35.9
4802.52 4.61   -1.714    FeI   26.0    14.9
4802.88 3.69   -1.527    FeI   26.0    60.4
4808.15 3.25   -2.630    FeI   26.0    27.7
4809.94 3.57   -2.542    FeI   26.0    19.4
4811.05 3.07   -3.182    FeI   26.0    14.5
4885.43 3.88   -1.136    FeI   26.0    72.5
4905.14 3.93   -1.818    FeI   26.0    35.5
4924.77 2.28   -2.058    FeI   26.0    97.9
4946.39 3.37   -1.049    FeI   26.0   103.7
4952.65 4.21   -1.184    FeI   26.0    55.1
4961.92 3.63   -2.301    FeI   26.0    26.7
4962.58 4.18   -1.209    FeI   26.0    55.1
4967.90 4.19   -0.720    FeI   26.0    82.9
4993.70 4.21   -1.138    FeI   26.0    57.6
4994.14 0.92   -3.171    FeI   26.0   105.3
5049.82 2.28   -1.432    FeI   26.0   149.3
5044.22 2.85   -2.038    FeI   26.0    73.6
5054.65 3.64   -1.992    FeI   26.0    40.6
5067.15 4.22   -0.860    FeI   26.0    73.0
5068.77 2.94   -1.074    FeI   26.0   131.1
5072.68 4.22   -0.983    FeI   26.0    65.9
5074.76 4.22   -0.229    FeI   26.0   120.4
5083.34 0.96   -3.047    FeI   26.0   111.3
5088.15 4.15   -1.554    FeI   26.0    38.9
5090.78 4.26   -0.514    FeI   26.0    93.8
5107.45 0.99   -3.151    FeI   26.0   104.3
5107.65 1.56   -2.600    FeI   26.0   105.7
5109.65 4.30   -0.736    FeI   26.0    76.8
5127.36 0.92   -3.317    FeI   26.0    99.4
5129.63 3.94   -1.469    FeI   26.0    53.1
5141.74 2.42   -2.125    FeI   26.0    89.3
5143.73 2.20   -3.811    FeI   26.0    22.3
5151.91 1.01   -3.155    FeI   26.0   103.6
5159.06 4.28   -0.846    FeI   26.0    71.2
5180.06 4.47   -1.105    FeI   26.0    47.6
5187.91 4.14   -1.202    FeI   26.0    57.9
5194.95 1.56   -2.333    FeI   26.0   124.4
5195.48 4.22   -0.441    FeI   26.0   101.8
5196.06 4.26   -0.827    FeI   26.0    73.4
5197.94 4.30   -1.491    FeI   26.0    35.5
5198.72 2.22   -2.164    FeI   26.0    97.4
5217.40 3.21   -1.082    FeI   26.0   112.9
5223.19 3.63   -2.252    FeI   26.0    29.4
5225.53 0.11   -4.773    FeI   26.0    72.2
5228.38 4.22   -1.095    FeI   26.0    60.0
5229.86 3.28   -0.935    FeI   26.0   120.4
5242.50 3.63   -1.124    FeI   26.0    86.7
5243.78 4.26   -1.022    FeI   26.0    62.2
5250.21 0.12   -4.870    FeI   26.0    68.0
5253.02 2.28   -3.855    FeI   26.0    18.3
5253.47 3.28   -1.591    FeI   26.0    77.6
5263.31 3.27   -0.864    FeI   26.0   127.9
5288.53 3.69   -1.612    FeI   26.0    57.8
5293.96 4.14   -1.747    FeI   26.0    30.6
5294.55 3.64   -2.627    FeI   26.0    15.5
5295.32 4.42   -1.518    FeI   26.0    29.3
5361.62 4.42   -1.205    FeI   26.0    44.9
5373.71 4.47   -0.841    FeI   26.0    62.8
5376.83 4.29   -2.040    FeI   26.0    14.7
5379.58 3.69   -1.552    FeI   26.0    61.2
5386.34 4.15   -1.709    FeI   26.0    32.1
5389.48 4.42   -0.534    FeI   26.0    84.6
5395.22 4.45   -1.724    FeI   26.0    20.0
5398.28 4.45   -0.684    FeI   26.0    73.3
5401.27 4.32   -1.712    FeI   26.0    25.1
5406.78 4.37   -1.429    FeI   26.0    35.8
5409.14 4.37   -1.051    FeI   26.0    55.7
5417.04 4.42   -1.404    FeI   26.0    34.8
5432.95 4.45   -0.729    FeI   26.0    70.6
5436.30 4.39   -1.319    FeI   26.0    40.5
5436.59 2.28   -3.267    FeI   26.0    43.7
5441.34 4.31   -1.558    FeI   26.0    32.4
5461.55 4.45   -1.570    FeI   26.0    26.1
5464.28 4.14   -1.595    FeI   26.0    38.2
5466.99 3.65   -2.141    FeI   26.0    34.2
5473.17 4.19   -1.986    FeI   26.0    19.5
5481.25 4.10   -1.203    FeI   26.0    60.5
5491.83 4.19   -2.195    FeI   26.0    13.3
5522.45 4.21   -1.419    FeI   26.0    44.0
5534.66 4.15   -2.391    FeI   26.0     9.7
5538.52 3.63   -2.090    FeI   26.0    37.7
5543.94 4.22   -1.070    FeI   26.0    62.2
5546.51 4.37   -1.124    FeI   26.0    52.0
5547.00 4.22   -1.741    FeI   26.0    28.1
5553.58 4.43   -1.321    FeI   26.0    38.8
5560.22 4.43   -1.064    FeI   26.0    52.4
5567.40 2.61   -2.594    FeI   26.0    60.8
5577.03 5.03   -1.485    FeI   26.0    11.5
5584.77 3.57   -2.189    FeI   26.0    35.8
5587.58 4.14   -1.656    FeI   26.0    35.5
5594.66 4.55   -0.858    FeI   26.0    58.3
5618.64 4.21   -1.298    FeI   26.0    50.5
5619.60 4.39   -1.435    FeI   26.0    35.0
5633.95 4.99   -0.385    FeI   26.0    66.5
5635.83 4.26   -1.556    FeI   26.0    35.1
5636.70 3.64   -2.511    FeI   26.0    19.8
5638.27 4.22   -0.809    FeI   26.0    77.6
5641.44 4.26   -0.969    FeI   26.0    66.2
5649.99 5.10   -0.785    FeI   26.0    36.2
5651.47 4.47   -1.763    FeI   26.0    18.4
5652.32 4.26   -1.751    FeI   26.0    26.3
5653.87 4.39   -1.402    FeI   26.0    36.7
5661.35 4.28   -1.828    FeI   26.0    22.5
5662.52 4.18   -0.601    FeI   26.0    93.4
5667.52 4.18   -1.292    FeI   26.0    52.4
5679.03 4.65   -0.756    FeI   26.0    59.5
5680.24 4.19   -2.330    FeI   26.0    10.3
5701.55 2.56   -2.162    FeI   26.0    84.5
5715.09 4.28   -0.847    FeI   26.0    72.5
5720.90 4.55   -1.805    FeI   26.0    14.9
5731.77 4.26   -1.124    FeI   26.0    57.8
5738.24 4.22   -2.164    FeI   26.0    13.6
5741.85 4.26   -1.626    FeI   26.0    32.0
5752.04 4.55   -0.917    FeI   26.0    55.2
5775.08 4.22   -1.124    FeI   26.0    59.8
5778.46 4.15   -1.967    FeI   26.0    22.0
5793.92 4.22   -1.622    FeI   26.0    34.0
5806.73 4.61   -0.877    FeI   26.0    54.6
5809.22 3.88   -1.614    FeI   26.0    50.4
5811.92 4.14   -2.333    FeI   26.0    11.4
5814.81 4.28   -1.820    FeI   26.0    23.0
5815.22 4.15   -2.364    FeI   26.0    10.5
5827.88 3.28   -3.147    FeI   26.0    11.7
5852.22 4.55   -1.190    FeI   26.0    40.5
5853.15 1.49   -5.130    FeI   26.0     7.5
5856.09 4.29   -1.572    FeI   26.0    33.4
5862.36 4.55   -0.404    FeI   26.0    87.6
5902.48 4.59   -1.797    FeI   26.0    14.2
5905.68 4.65   -0.775    FeI   26.0    58.7
5916.26 2.45   -2.920    FeI   26.0    54.2
5927.79 4.65   -1.057    FeI   26.0    42.9
5929.68 4.55   -1.211    FeI   26.0    39.5
5930.19 4.65   -0.326    FeI   26.0    87.9
5934.66 3.93   -1.091    FeI   26.0    76.4
5956.70 0.86   -4.526    FeI   26.0    53.7
5983.69 4.55   -0.719    FeI   26.0    67.2
5984.82 4.73   -0.335    FeI   26.0    83.0
5987.07 4.79   -0.478    FeI   26.0    70.2
6005.55 2.59   -3.479    FeI   26.0    22.4
6024.06 4.55   -0.124    FeI   26.0   110.5
6027.06 4.08   -1.178    FeI   26.0    64.4
6034.04 4.31   -2.306    FeI   26.0     8.8
6035.34 4.29   -2.476    FeI   26.0     6.5
6054.08 4.37   -2.237    FeI   26.0     9.1
6065.49 2.61   -1.616    FeI   26.0   117.9
6078.49 4.79   -0.364    FeI   26.0    77.9
6079.01 4.65   -1.008    FeI   26.0    45.8
6082.72 2.22   -3.566    FeI   26.0    34.5
6089.57 4.58   -1.273    FeI   26.0    35.3
6094.38 4.65   -1.566    FeI   26.0    19.9
6096.67 3.98   -1.776    FeI   26.0    38.2
6098.25 4.56   -1.755    FeI   26.0    16.5
6120.25 0.92   -5.894    FeI   26.0     5.2
6127.91 4.14   -1.417    FeI   26.0    48.9
6151.62 2.18   -3.298    FeI   26.0    49.7
6157.73 4.08   -1.238    FeI   26.0    61.5
6159.38 4.61   -1.878    FeI   26.0    11.9
6165.36 4.14   -1.502    FeI   26.0    44.5
6173.34 2.22   -2.877    FeI   26.0    68.0
6180.21 2.73   -2.632    FeI   26.0    55.8
6187.99 3.94   -1.620    FeI   26.0    48.2
6213.44 2.22   -2.580    FeI   26.0    82.6
6219.29 2.20   -2.463    FeI   26.0    89.6
6220.79 3.88   -2.330    FeI   26.0    19.0
6226.74 3.88   -2.069    FeI   26.0    29.2
6229.24 2.85   -2.866    FeI   26.0    38.6
6232.65 3.65   -1.240    FeI   26.0    83.3
6240.65 2.22   -3.292    FeI   26.0    48.3
6265.14 2.18   -2.559    FeI   26.0    86.0
6270.23 2.86   -2.573    FeI   26.0    52.8
6290.98 4.73   -0.576    FeI   26.0    67.5
6297.80 2.22   -2.777    FeI   26.0    73.5
6303.46 4.32   -2.492    FeI   26.0     6.0
6315.81 4.08   -1.645    FeI   26.0    40.5
6322.69 2.59   -2.368    FeI   26.0    76.0
6335.34 2.20   -2.339    FeI   26.0    97.2
6336.83 3.69   -0.858    FeI   26.0   107.0
6358.68 0.86   -3.907    FeI   26.0    84.4
6380.75 4.19   -1.322    FeI   26.0    52.2
6385.72 4.73   -1.828    FeI   26.0    10.7
6392.54 2.28   -3.942    FeI   26.0    17.8
6430.85 2.18   -2.127    FeI   26.0   112.1
6481.88 2.28   -2.929    FeI   26.0    64.1
6498.94 0.96   -4.627    FeI   26.0    46.1
6581.21 1.49   -4.706    FeI   26.0    19.0
6593.88 2.43   -2.384    FeI   26.0    84.6
6608.03 2.28   -3.967    FeI   26.0    17.4
6609.12 2.56   -2.632    FeI   26.0    65.7
6625.02 1.01   -5.284    FeI   26.0    16.1
6627.55 4.55   -1.475    FeI   26.0    28.2
6646.94 2.61   -3.915    FeI   26.0    10.3
6653.86 4.15   -2.407    FeI   26.0    10.4
6699.15 4.59   -2.106    FeI   26.0     8.2
6703.57 2.76   -3.022    FeI   26.0    36.9
6705.11 4.61   -1.057    FeI   26.0    46.5
6710.32 1.49   -4.810    FeI   26.0    15.9
6713.05 4.61   -1.514    FeI   26.0    24.3
6713.20 4.14   -2.438    FeI   26.0    10.0
6713.74 4.79   -1.425    FeI   26.0    21.2
6725.36 4.10   -2.187    FeI   26.0    17.6
6726.67 4.61   -1.045    FeI   26.0    47.2
6732.07 4.58   -2.144    FeI   26.0     7.7
6739.52 1.56   -4.902    FeI   26.0    11.7
6745.11 4.58   -2.094    FeI   26.0     8.6
6745.97 4.08   -2.657    FeI   26.0     7.2
6752.71 4.64   -1.234    FeI   26.0    35.8
6786.86 4.19   -1.886    FeI   26.0    25.5
6793.26 4.58   -1.901    FeI   26.0    12.7
6806.85 2.73   -3.103    FeI   26.0    34.7
6810.27 4.61   -0.995    FeI   26.0    50.2
6820.37 4.64   -1.134    FeI   26.0    41.1
6828.60 3.57   -1.871    FeI   26.0    55.5
6833.23 4.64   -1.975    FeI   26.0     9.8
6837.01 4.59   -1.732    FeI   26.0    17.3
6839.84 2.56   -3.377    FeI   26.0    29.9
6842.69 4.64   -1.169    FeI   26.0    39.3
6843.66 4.55   -0.867    FeI   26.0    60.7
6855.72 4.61   -1.674    FeI   26.0    18.6
6857.25 4.08   -2.075    FeI   26.0    22.4
6858.15 4.61   -0.972    FeI   26.0    51.6
6861.94 2.42   -3.795    FeI   26.0    18.9
6862.50 4.56   -1.437    FeI   26.0    29.9
6864.32 4.56   -2.229    FeI   26.0     6.8
4508.28 2.86   -2.403    FeII  26.1    87.3
4520.22 2.81   -2.563    FeII  26.1    81.9
4534.17 2.86   -3.203    FeII  26.1    53.7
4541.52 2.86   -2.762    FeII  26.1    71.5
4576.34 2.84   -2.947    FeII  26.1    64.9
4582.84 2.84   -3.076    FeII  26.1    59.7
4620.51 2.83   -3.234    FeII  26.1    53.9
4629.34 2.81   -2.262    FeII  26.1    97.9
4656.98 2.89   -3.676    FeII  26.1    33.8
4670.17 2.58   -4.011    FeII  26.1    32.0
4923.93 2.89   -1.541    FeII  26.1   154.3
5132.67 2.81   -4.008    FeII  26.1    24.6
5197.57 3.23   -2.293    FeII  26.1    80.1
5234.63 3.22   -2.235    FeII  26.1    83.5
5256.94 2.89   -4.019    FeII  26.1    21.7
5264.81 3.23   -3.091    FeII  26.1    45.6
5284.11 2.89   -3.132    FeII  26.1    57.6
5414.07 3.22   -3.568    FeII  26.1    26.9
5425.25 3.20   -3.234    FeII  26.1    41.1
5427.81 6.72   -1.481    FeII  26.1     4.4
5525.12 3.27   -4.000    FeII  26.1    12.4
5534.85 3.25   -2.792    FeII  26.1    58.1
5991.38 3.15   -3.539    FeII  26.1    31.2
6084.11 3.20   -3.774    FeII  26.1    20.9
6113.32 3.22   -4.108    FeII  26.1    11.3
6149.25 3.89   -2.719    FeII  26.1    36.2
6238.39 3.89   -2.526    FeII  26.1    44.4
6239.94 3.89   -3.448    FeII  26.1    12.2
6247.56 3.89   -2.347    FeII  26.1    52.2
6369.46 2.89   -4.131    FeII  26.1    19.1
6407.29 3.89   -2.899    FeII  26.1    29.4
6416.93 3.89   -2.625    FeII  26.1    40.5
6432.69 2.89   -3.572    FeII  26.1    41.0
6442.97 5.55   -2.399    FeII  26.1     5.1
6456.39 3.90   -2.110    FeII  26.1    63.0
6516.09 2.89   -3.279    FeII  26.1    54.2
6707.83     0.00      0.146   LiI      3.0      3.2 
5052.15     7.68     -1.284    CI      6.0     34.1 
5380.32     7.68     -1.573    CI      6.0     20.8 
6587.62     8.54     -1.034    CI      6.0     14.0 
6158.17    10.74     -0.254    OI      8.0      3.6 
6300.30     0.00     -9.746    OI      8.0      3.4 
5688.22     2.10     -0.355   NaI     11.0    121.4 
6154.23     2.10     -1.508   NaI     11.0     36.6 
6160.75     2.10     -1.225   NaI     11.0     54.3 
4730.04     4.35     -2.254   MgI     12.0     69.6 
5711.09     4.35     -1.792   MgI     12.0    105.6 
6319.24     5.11     -2.318   MgI     12.0     25.2 
6318.72     5.11     -2.051   MgI     12.0     39.9 
6696.03     3.14     -1.551   AlI     13.0     36.2 
6698.67     3.14     -1.868   AlI     13.0     21.1 
5517.54     5.08     -2.459   SiI     14.0     12.9 
5621.60     5.08     -2.610   SiI     14.0      9.5 
5645.61     4.93     -2.029   SiI     14.0     35.8 
5684.49     4.95     -1.601   SiI     14.0     61.2 
5690.43     4.93     -1.775   SiI     14.0     50.9 
5701.11     4.93     -1.995   SiI     14.0     37.7 
5753.64     5.62     -1.292   SiI     14.0     45.7 
5772.15     5.08     -1.629   SiI     14.0     52.0 
5797.87     4.95     -1.872   SiI     14.0     43.9 
5948.54     5.08     -1.164   SiI     14.0     85.4 
6125.02     5.61     -1.515   SiI     14.0     31.7 
6142.49     5.62     -1.481   SiI     14.0     33.1 
6145.02     5.62     -1.383   SiI     14.0     38.8 
6195.46     5.87     -1.627   SiI     14.0     17.1 
6237.33     5.61     -1.073   SiI     14.0     61.1 
6243.82     5.62     -1.290   SiI     14.0     44.8 
6244.48     5.62     -1.269   SiI     14.0     46.2 
6414.99     5.87     -1.161   SiI     14.0     40.7 
6527.21     5.87     -1.185   SiI     14.0     38.9 
6583.71     5.95     -1.595   SiI     14.0     16.0 
6721.85     5.86     -1.114   SiI     14.0     44.0 
6741.63     5.98     -1.586   SiI     14.0     15.5 
6052.67     7.87     -0.595    SI     16.0      7.7 
6757.17     7.87     -0.303    SI     16.0     12.9 
5261.71     2.52     -0.657   CaI     20.0     97.7 
5349.47     2.71     -0.561   CaI     20.0     94.6 
5512.98     2.93     -0.539   CaI     20.0     84.8 
5867.56     2.93     -1.575   CaI     20.0     25.1 
6156.02     2.52     -2.483   CaI     20.0      9.6 
6161.29     2.52     -1.292   CaI     20.0     60.6 
6166.44     2.52     -1.132   CaI     20.0     69.9 
6169.04     2.52     -0.777   CaI     20.0     92.2 
6449.82     2.52     -0.710   CaI     20.0     98.1 
6455.60     2.52     -1.383   CaI     20.0     56.3 
6471.67     2.53     -0.802   CaI     20.0     91.2 
6499.65     2.52     -0.894   CaI     20.0     85.8 
4743.82     1.45      0.240   ScI     21.0      8.0 
5520.50     1.87      0.506   ScI     21.0      6.6 
5671.82     1.45      0.479   ScI     21.0     14.6 
5526.82     1.77      0.094  ScII     21.1     76.3 
5657.88     1.51     -0.373  ScII     21.1     66.9 
5667.14     1.50     -1.076  ScII     21.1     33.9 
5684.19     1.51     -0.995  ScII     21.1     37.2 
6245.62     1.51     -1.073  ScII     21.1     34.9 
6320.84     1.50     -1.917  ScII     21.1      8.1 
6604.60     1.36     -1.210  ScII     21.1     36.4 
4555.49     0.85     -0.537   TiI     22.0     63.7 
4562.63     0.02     -2.688   TiI     22.0     10.9 
4656.47     0.00     -1.269   TiI     22.0     68.6 
4675.11     1.07     -0.905   TiI     22.0     38.1 
4645.19     1.73     -0.632   TiI     22.0     22.0 
4722.61     1.05     -1.398   TiI     22.0     18.7 
4820.41     1.50     -0.392   TiI     22.0     43.1 
4913.62     1.87      0.107   TiI     22.0     50.2 
4997.10     0.00     -2.139   TiI     22.0     31.6 
5016.17     0.85     -0.615   TiI     22.0     63.2 
5039.96     0.02     -1.156   TiI     22.0     75.3 
5064.06     2.69     -0.439   TiI     22.0      5.5 
5071.49     1.46     -0.761   TiI     22.0     28.8 
5113.44     1.44     -0.825   TiI     22.0     27.0 
5145.47     1.46     -0.586   TiI     22.0     37.0 
5219.70     0.02     -2.220   TiI     22.0     28.1 
5490.16     1.46     -0.973   TiI     22.0     21.4 
5503.90     2.58     -0.181   TiI     22.0     12.3 
5648.57     2.49     -0.371   TiI     22.0     10.1 
5662.16     2.32     -0.086   TiI     22.0     23.5 
5739.48     2.25     -0.742   TiI     22.0      7.7 
5766.33     3.29      0.365   TiI     22.0      9.6 
5866.45     1.07     -0.800   TiI     22.0     48.1 
5965.84     1.88     -0.454   TiI     22.0     26.7 
5978.55     1.87     -0.566   TiI     22.0     22.6 
6064.63     1.05     -1.908   TiI     22.0      8.3 
6091.18     2.27     -0.408   TiI     22.0     15.0 
6126.22     1.07     -1.379   TiI     22.0     22.1 
6258.11     1.44     -0.393   TiI     22.0     51.5 
6261.10     1.43     -0.449   TiI     22.0     49.2 
6599.12     0.90     -2.034   TiI     22.0      9.3 
4583.41     1.16     -2.805  TiII     22.1     31.8 
4636.33     1.16     -3.117  TiII     22.1     19.8 
4657.20     1.24     -2.337  TiII     22.1     49.3 
4708.67     1.24     -2.351  TiII     22.1     48.9 
4911.20     3.12     -0.492  TiII     22.1     52.3 
5211.54     2.59     -1.449  TiII     22.1     32.8 
5381.03     1.57     -1.859  TiII     22.1     59.1 
5418.77     1.58     -2.061  TiII     22.1     49.5 
5670.85     1.08     -0.417    VI     23.0     18.8 
5703.59     1.05     -0.144    VI     23.0     30.9 
5727.05     1.08      0.064    VI     23.0     39.3 
5737.07     1.06     -0.751    VI     23.0     10.4 
6039.73     1.06     -0.678    VI     23.0     12.5 
6081.45     1.05     -0.629    VI     23.0     14.1 
6090.21     1.08     -0.088    VI     23.0     33.3 
6111.65     1.04     -0.737    VI     23.0     11.6 
6135.36     1.05     -0.825    VI     23.0      9.6 
6216.35     0.28     -0.842    VI     23.0     36.0 
6224.51     0.29     -1.873    VI     23.0      5.3 
6251.83     0.29     -1.366    VI     23.0     15.0 
6274.66     0.27     -1.683    VI     23.0      8.3 
6285.17     0.28     -1.610    VI     23.0      9.5 
4575.11     3.37     -0.981   CrI     24.0     10.0 
4600.75     1.00     -1.431   CrI     24.0     82.3 
4626.18     0.97     -1.440   CrI     24.0     83.3 
4633.25     3.13     -1.190   CrI     24.0     10.4 
4700.61     2.71     -1.439   CrI     24.0     14.0 
4708.02     3.17     -0.078   CrI     24.0     55.0 
4730.72     3.08     -0.320   CrI     24.0     46.3 
4767.86     3.56     -0.576   CrI     24.0     16.1 
4775.14     3.55     -1.000   CrI     24.0      6.9 
4936.34     3.11     -0.315   CrI     24.0     45.6 
4964.93     0.94     -2.551   CrI     24.0     38.1 
5214.14     3.37     -0.759   CrI     24.0     16.4 
5238.97     2.71     -1.405   CrI     24.0     15.9 
5247.57     0.96     -1.588   CrI     24.0     82.0 
5287.18     3.44     -0.929   CrI     24.0     10.4 
5296.70     0.98     -1.344   CrI     24.0     93.1 
5300.75     0.98     -2.095   CrI     24.0     58.9 
5781.18     3.32     -0.859   CrI     24.0     15.5 
5783.07     3.32     -0.444   CrI     24.0     31.4 
5787.92     3.32     -0.154   CrI     24.0     46.0 
6330.13     0.94     -2.903   CrI     24.0     26.7 
6661.08     4.19     -0.208   CrI     24.0     12.0 
6882.52     3.44     -0.362   CrI     24.0     32.2 
4588.20     4.07     -0.717  CrII     24.1     68.5 
4592.05     4.07     -1.219  CrII     24.1     47.6 
4884.61     3.86     -2.037  CrII     24.1     23.4 
4502.21     2.92     -0.566   MnI     25.0     57.0 
4671.77     2.89     -1.615   MnI     25.0     14.8 
4739.11     2.94     -0.505   MnI     25.0     60.1 
5377.62     3.84     -0.110   MnI     25.0     40.8 
5399.47     3.85     -0.147   MnI     25.0     38.5 
5413.67     3.86     -0.522   MnI     25.0     21.6 
4594.63     3.63     -0.356   CoI     27.0     12.5 
4792.86     3.25     -0.154   CoI     27.0     32.7 
4813.48     3.22      0.103   CoI     27.0     45.9 
5301.05     1.71     -2.029   CoI     27.0     19.5 
5342.71     4.02      0.534   CoI     27.0     32.3 
5352.05     3.58     -0.071   CoI     27.0     24.4 
5359.20     4.15     -0.034   CoI     27.0      9.6 
5647.24     2.28     -1.668   CoI     27.0     14.0 
6814.95     1.96     -1.895   CoI     27.0     18.8 
4512.99     3.71     -1.442   NiI     28.0     19.4 
4811.99     3.66     -1.337   NiI     28.0     25.6 
4814.60     3.60     -1.644   NiI     28.0     16.7 
4913.98     3.74     -0.634   NiI     28.0     55.7 
4946.04     3.80     -1.198   NiI     28.0     26.2 
4952.29     3.61     -1.234   NiI     28.0     32.3 
4976.33     1.68     -2.976   NiI     28.0     37.7 
4995.66     3.63     -1.586   NiI     28.0     17.9 
5081.11     3.85      0.092   NiI     28.0     93.5 
5094.41     3.83     -1.081   NiI     28.0     30.3 
5010.94     3.63     -0.873   NiI     28.0     48.8 
5392.33     4.15     -1.327   NiI     28.0     12.0 
5435.86     1.99     -2.405   NiI     28.0     51.7 
5462.50     3.85     -0.851   NiI     28.0     41.0 
5578.72     1.68     -2.657   NiI     28.0     54.7 
5587.87     1.93     -2.451   NiI     28.0     52.9 
5589.36     3.90     -1.122   NiI     28.0     26.7 
5625.32     4.09     -0.703   NiI     28.0     37.8 
5628.35     4.09     -1.288   NiI     28.0     14.7 
5638.75     3.90     -1.673   NiI     28.0      9.8 
5641.88     4.11     -0.990   NiI     28.0     24.1 
5643.08     4.16     -1.210   NiI     28.0     15.1 
5682.20     4.10     -0.447   NiI     28.0     50.5 
5694.99     4.09     -0.600   NiI     28.0     43.1 
5754.68     1.94     -1.944   NiI     28.0     76.3 
5847.00     1.68     -3.386   NiI     28.0     23.0 
5748.36     1.68     -3.254   NiI     28.0     28.0 
5805.22     4.17     -0.576   NiI     28.0     40.8 
5996.73     4.24     -0.983   NiI     28.0     20.3 
6007.31     1.68     -3.342   NiI     28.0     25.1 
6086.29     4.27     -0.442   NiI     28.0     43.5 
6108.12     1.68     -2.481   NiI     28.0     65.0 
6111.08     4.09     -0.795   NiI     28.0     34.2 
6119.76     4.27     -1.290   NiI     28.0     10.9 
6128.98     1.68     -3.344   NiI     28.0     25.3 
6130.14     4.27     -0.910   NiI     28.0     22.1 
6175.37     4.09     -0.503   NiI     28.0     49.0 
6176.82     4.09     -0.234   NiI     28.0     63.7 
6177.25     1.83     -3.512   NiI     28.0     14.6 
6186.72     4.11     -0.859   NiI     28.0     30.5 
6204.61     4.09     -1.086   NiI     28.0     22.0 
6223.99     4.11     -0.925   NiI     28.0     27.7 
6230.10     4.11     -1.105   NiI     28.0     20.6 
6322.17     4.15     -1.137   NiI     28.0     18.4 
6327.60     1.68     -3.057   NiI     28.0     38.6 
6360.81     4.17     -1.117   NiI     28.0     18.5 
6378.26     4.15     -0.803   NiI     28.0     31.8 
6598.60     4.24     -0.886   NiI     28.0     24.9 
6635.13     4.42     -0.751   NiI     28.0     23.6 
6767.78     1.83     -2.103   NiI     28.0     79.2 
6772.32     3.66     -0.931   NiI     28.0     49.2 
6842.04     3.66     -1.469   NiI     28.0     24.2 
5218.21     3.82      0.305   CuI     29.0     53.0 
5220.09     3.82     -0.532   CuI     29.0     16.8 
4810.54     4.08     -0.208   ZnI     30.0     73.2 
6362.35     5.79      0.123   ZnI     30.0     21.5 
4900.12     1.03      0.023   YII     39.1     58.8 
5087.43     1.08     -0.227   YII     39.1     48.4 
5200.42     0.99     -0.575   YII     39.1     38.6 
5402.78     1.84     -0.478   YII     39.1     13.8 
5112.28     1.66     -0.839   ZrI     40.1      7.6 
5853.69     0.60     -0.888  BaII     56.1     62.5 
6141.73     0.70      0.174  BaII     56.1    115.3 
6496.91     0.60     -0.234  BaII     56.1     96.9 
5092.80     0.38     -0.400  NdII     60.1      9.0 
6645.13     1.38      0.186  EuII     63.1      4.7 
