 running_dir/ultimate_list_2
  5247.06    26.0        0.09     -4.941                        66.4
  5855.08    26.0        4.61     -1.531                        22.3
  6056.01    26.0        4.73     -0.489                        72.6
  6200.32    26.0        2.61     -2.397                        73.0
  6733.15    26.0        4.64     -1.429                        26.7
  6750.16    26.0        2.42     -2.615                        74.0
  4523.40    26.0        3.65     -1.871                        44.2
  4531.62    26.0        3.21     -1.801                        66.4
  4537.67    26.0        3.27     -2.870                        17.4
  4551.65    26.0        3.94     -1.928                        29.1
  4554.46    26.0        2.87     -2.752                        37.4
  4556.93    26.0        3.25     -2.644                        26.3
  4561.41    26.0        2.76     -2.879                        36.5
  4566.52    26.0        3.30     -2.156                        46.2
  4574.22    26.0        3.21     -2.353                        41.0
  4574.72    26.0        2.28     -2.823                        59.6
  4579.33    26.0        2.83     -3.024                        27.3
  4593.53    26.0        3.94     -1.921                        29.5
  4596.41    26.0        3.65     -2.090                        34.1
  4602.00    26.0        1.61     -3.163                        72.2
  4602.95    26.0        1.49     -2.291                       123.9
  4607.65    26.0        3.98     -0.754                        90.0
  4625.05    26.0        3.24     -1.222                        96.7
  4630.12    26.0        2.28     -2.488                        74.3
  4631.49    26.0        4.55     -1.890                        11.6
  4635.85    26.0        2.85     -2.384                        55.5
  4661.54    26.0        4.56     -1.186                        38.5
  4690.14    26.0        3.69     -1.550                        58.8
  4741.53    26.0        2.83     -2.027                        73.1
  4749.95    26.0        4.56     -1.236                        36.0
  4757.58    26.0        3.27     -1.988                        56.3
  4772.82    26.0        1.56     -2.752                        94.0
  4779.44    26.0        3.42     -2.162                        41.4
  4780.81    26.0        3.25     -3.236                         9.2
  4787.83    26.0        3.00     -2.532                        42.8
  4788.76    26.0        3.24     -1.791                        67.0
  4789.65    26.0        3.55     -1.171                        85.5
  4793.97    26.0        3.05     -3.464                         8.6
  4794.36    26.0        2.42     -3.892                        12.4
  4799.41    26.0        3.64     -2.073                        35.9
  4802.52    26.0        4.61     -1.714                        14.9
  4802.88    26.0        3.69     -1.527                        60.4
  4808.15    26.0        3.25     -2.630                        27.7
  4809.94    26.0        3.57     -2.542                        19.4
  4811.05    26.0        3.07     -3.182                        14.5
  4885.43    26.0        3.88     -1.136                        72.5
  4905.14    26.0        3.93     -1.818                        35.5
  4924.77    26.0        2.28     -2.058                        97.9
  4946.39    26.0        3.37     -1.049                       103.7
  4952.65    26.0        4.21     -1.184                        55.1
  4961.92    26.0        3.63     -2.301                        26.7
  4962.58    26.0        4.18     -1.209                        55.1
  4967.90    26.0        4.19     -0.720                        82.9
  4993.70    26.0        4.21     -1.138                        57.6
  4994.14    26.0        0.92     -3.171                       105.3
  5049.82    26.0        2.28     -1.432                       149.3
  5044.22    26.0        2.85     -2.038                        73.6
  5054.65    26.0        3.64     -1.992                        40.6
  5067.15    26.0        4.22     -0.860                        73.0
  5068.77    26.0        2.94     -1.074                       131.1
  5072.68    26.0        4.22     -0.983                        65.9
  5074.76    26.0        4.22     -0.229                       120.4
  5083.34    26.0        0.96     -3.047                       111.3
  5088.15    26.0        4.15     -1.554                        38.9
  5090.78    26.0        4.26     -0.514                        93.8
  5107.45    26.0        0.99     -3.151                       104.3
  5107.65    26.0        1.56     -2.600                       105.7
  5109.65    26.0        4.30     -0.736                        76.8
  5127.36    26.0        0.92     -3.317                        99.4
  5129.63    26.0        3.94     -1.469                        53.1
  5141.74    26.0        2.42     -2.125                        89.3
  5143.73    26.0        2.20     -3.811                        22.3
  5151.91    26.0        1.01     -3.155                       103.6
  5159.06    26.0        4.28     -0.846                        71.2
  5180.06    26.0        4.47     -1.105                        47.6
  5187.91    26.0        4.14     -1.202                        57.9
  5194.95    26.0        1.56     -2.333                       124.4
  5195.48    26.0        4.22     -0.441                       101.8
  5196.06    26.0        4.26     -0.827                        73.4
  5197.94    26.0        4.30     -1.491                        35.5
  5198.72    26.0        2.22     -2.164                        97.4
  5217.40    26.0        3.21     -1.082                       112.9
  5223.19    26.0        3.63     -2.252                        29.4
  5225.53    26.0        0.11     -4.773                        72.2
  5228.38    26.0        4.22     -1.095                        60.0
  5229.86    26.0        3.28     -0.935                       120.4
  5242.50    26.0        3.63     -1.124                        86.7
  5243.78    26.0        4.26     -1.022                        62.2
  5250.21    26.0        0.12     -4.870                        68.0
  5253.02    26.0        2.28     -3.855                        18.3
  5253.47    26.0        3.28     -1.591                        77.6
  5263.31    26.0        3.27     -0.864                       127.9
  5288.53    26.0        3.69     -1.612                        57.8
  5293.96    26.0        4.14     -1.747                        30.6
  5294.55    26.0        3.64     -2.627                        15.5
  5295.32    26.0        4.42     -1.518                        29.3
  5361.62    26.0        4.42     -1.205                        44.9
  5373.71    26.0        4.47     -0.841                        62.8
  5376.83    26.0        4.29     -2.040                        14.7
  5379.58    26.0        3.69     -1.552                        61.2
  5386.34    26.0        4.15     -1.709                        32.1
  5389.48    26.0        4.42     -0.534                        84.6
  5395.22    26.0        4.45     -1.724                        20.0
  5398.28    26.0        4.45     -0.684                        73.3
  5401.27    26.0        4.32     -1.712                        25.1
  5406.78    26.0        4.37     -1.429                        35.8
  5409.14    26.0        4.37     -1.051                        55.7
  5417.04    26.0        4.42     -1.404                        34.8
  5432.95    26.0        4.45     -0.729                        70.6
  5436.30    26.0        4.39     -1.319                        40.5
  5436.59    26.0        2.28     -3.267                        43.7
  5441.34    26.0        4.31     -1.558                        32.4
  5461.55    26.0        4.45     -1.570                        26.1
  5464.28    26.0        4.14     -1.595                        38.2
  5466.99    26.0        3.65     -2.141                        34.2
  5473.17    26.0        4.19     -1.986                        19.5
  5481.25    26.0        4.10     -1.203                        60.5
  5491.83    26.0        4.19     -2.195                        13.3
  5522.45    26.0        4.21     -1.419                        44.0
  5534.66    26.0        4.15     -2.391                         9.7
  5538.52    26.0        3.63     -2.090                        37.7
  5543.94    26.0        4.22     -1.070                        62.2
  5546.51    26.0        4.37     -1.124                        52.0
  5547.00    26.0        4.22     -1.741                        28.1
  5553.58    26.0        4.43     -1.321                        38.8
  5560.22    26.0        4.43     -1.064                        52.4
  5567.40    26.0        2.61     -2.594                        60.8
  5577.03    26.0        5.03     -1.485                        11.5
  5584.77    26.0        3.57     -2.189                        35.8
  5587.58    26.0        4.14     -1.656                        35.5
  5594.66    26.0        4.55     -0.858                        58.3
  5618.64    26.0        4.21     -1.298                        50.5
  5619.60    26.0        4.39     -1.435                        35.0
  5633.95    26.0        4.99     -0.385                        66.5
  5635.83    26.0        4.26     -1.556                        35.1
  5636.70    26.0        3.64     -2.511                        19.8
  5638.27    26.0        4.22     -0.809                        77.6
  5641.44    26.0        4.26     -0.969                        66.2
  5649.99    26.0        5.10     -0.785                        36.2
  5651.47    26.0        4.47     -1.763                        18.4
  5652.32    26.0        4.26     -1.751                        26.3
  5653.87    26.0        4.39     -1.402                        36.7
  5661.35    26.0        4.28     -1.828                        22.5
  5662.52    26.0        4.18     -0.601                        93.4
  5667.52    26.0        4.18     -1.292                        52.4
  5679.03    26.0        4.65     -0.756                        59.5
  5680.24    26.0        4.19     -2.330                        10.3
  5701.55    26.0        2.56     -2.162                        84.5
  5715.09    26.0        4.28     -0.847                        72.5
  5720.90    26.0        4.55     -1.805                        14.9
  5731.77    26.0        4.26     -1.124                        57.8
  5738.24    26.0        4.22     -2.164                        13.6
  5741.85    26.0        4.26     -1.626                        32.0
  5752.04    26.0        4.55     -0.917                        55.2
  5775.08    26.0        4.22     -1.124                        59.8
  5778.46    26.0        4.15     -1.967                        22.0
  5793.92    26.0        4.22     -1.622                        34.0
  5806.73    26.0        4.61     -0.877                        54.6
  5809.22    26.0        3.88     -1.614                        50.4
  5811.92    26.0        4.14     -2.333                        11.4
  5814.81    26.0        4.28     -1.820                        23.0
  5815.22    26.0        4.15     -2.364                        10.5
  5827.88    26.0        3.28     -3.147                        11.7
  5852.22    26.0        4.55     -1.190                        40.5
  5853.15    26.0        1.49     -5.130                         7.5
  5856.09    26.0        4.29     -1.572                        33.4
  5862.36    26.0        4.55     -0.404                        87.6
  5902.48    26.0        4.59     -1.797                        14.2
  5905.68    26.0        4.65     -0.775                        58.7
  5916.26    26.0        2.45     -2.920                        54.2
  5927.79    26.0        4.65     -1.057                        42.9
  5929.68    26.0        4.55     -1.211                        39.5
  5930.19    26.0        4.65     -0.326                        87.9
  5934.66    26.0        3.93     -1.091                        76.4
  5956.70    26.0        0.86     -4.526                        53.7
  5983.69    26.0        4.55     -0.719                        67.2
  5984.82    26.0        4.73     -0.335                        83.0
  5987.07    26.0        4.79     -0.478                        70.2
  6005.55    26.0        2.59     -3.479                        22.4
  6024.06    26.0        4.55     -0.124                       110.5
  6027.06    26.0        4.08     -1.178                        64.4
  6034.04    26.0        4.31     -2.306                         8.8
  6035.34    26.0        4.29     -2.476                         6.5
  6054.08    26.0        4.37     -2.237                         9.1
  6065.49    26.0        2.61     -1.616                       117.9
  6078.49    26.0        4.79     -0.364                        77.9
  6079.01    26.0        4.65     -1.008                        45.8
  6082.72    26.0        2.22     -3.566                        34.5
  6089.57    26.0        4.58     -1.273                        35.3
  6094.38    26.0        4.65     -1.566                        19.9
  6096.67    26.0        3.98     -1.776                        38.2
  6098.25    26.0        4.56     -1.755                        16.5
  6120.25    26.0        0.92     -5.894                         5.2
  6127.91    26.0        4.14     -1.417                        48.9
  6151.62    26.0        2.18     -3.298                        49.7
  6157.73    26.0        4.08     -1.238                        61.5
  6159.38    26.0        4.61     -1.878                        11.9
  6165.36    26.0        4.14     -1.502                        44.5
  6173.34    26.0        2.22     -2.877                        68.0
  6180.21    26.0        2.73     -2.632                        55.8
  6187.99    26.0        3.94     -1.620                        48.2
  6213.44    26.0        2.22     -2.580                        82.6
  6219.29    26.0        2.20     -2.463                        89.6
  6220.79    26.0        3.88     -2.330                        19.0
  6226.74    26.0        3.88     -2.069                        29.2
  6229.24    26.0        2.85     -2.866                        38.6
  6232.65    26.0        3.65     -1.240                        83.3
  6240.65    26.0        2.22     -3.292                        48.3
  6265.14    26.0        2.18     -2.559                        86.0
  6270.23    26.0        2.86     -2.573                        52.8
  6290.98    26.0        4.73     -0.576                        67.5
  6297.80    26.0        2.22     -2.777                        73.5
  6303.46    26.0        4.32     -2.492                         6.0
  6315.81    26.0        4.08     -1.645                        40.5
  6322.69    26.0        2.59     -2.368                        76.0
  6335.34    26.0        2.20     -2.339                        97.2
  6336.83    26.0        3.69     -0.858                       107.0
  6358.68    26.0        0.86     -3.907                        84.4
  6380.75    26.0        4.19     -1.322                        52.2
  6385.72    26.0        4.73     -1.828                        10.7
  6392.54    26.0        2.28     -3.942                        17.8
  6430.85    26.0        2.18     -2.127                       112.1
  6481.88    26.0        2.28     -2.929                        64.1
  6498.94    26.0        0.96     -4.627                        46.1
  6581.21    26.0        1.49     -4.706                        19.0
  6593.88    26.0        2.43     -2.384                        84.6
  6608.03    26.0        2.28     -3.967                        17.4
  6609.12    26.0        2.56     -2.632                        65.7
  6625.02    26.0        1.01     -5.284                        16.1
  6627.55    26.0        4.55     -1.475                        28.2
  6646.94    26.0        2.61     -3.915                        10.3
  6653.86    26.0        4.15     -2.407                        10.4
  6699.15    26.0        4.59     -2.106                         8.2
  6703.57    26.0        2.76     -3.022                        36.9
  6705.11    26.0        4.61     -1.057                        46.5
  6710.32    26.0        1.49     -4.810                        15.9
  6713.05    26.0        4.61     -1.514                        24.3
  6713.20    26.0        4.14     -2.438                        10.0
  6713.74    26.0        4.79     -1.425                        21.2
  6725.36    26.0        4.10     -2.187                        17.6
  6726.67    26.0        4.61     -1.045                        47.2
  6732.07    26.0        4.58     -2.144                         7.7
  6739.52    26.0        1.56     -4.902                        11.7
  6745.11    26.0        4.58     -2.094                         8.6
  6745.97    26.0        4.08     -2.657                         7.2
  6752.71    26.0        4.64     -1.234                        35.8
  6786.86    26.0        4.19     -1.886                        25.5
  6793.26    26.0        4.58     -1.901                        12.7
  6806.85    26.0        2.73     -3.103                        34.7
  6810.27    26.0        4.61     -0.995                        50.2
  6820.37    26.0        4.64     -1.134                        41.1
  6828.60    26.0        3.57     -1.871                        55.5
  6833.23    26.0        4.64     -1.975                         9.8
  6837.01    26.0        4.59     -1.732                        17.3
  6839.84    26.0        2.56     -3.377                        29.9
  6842.69    26.0        4.64     -1.169                        39.3
  6843.66    26.0        4.55     -0.867                        60.7
  6855.72    26.0        4.61     -1.674                        18.6
  6857.25    26.0        4.08     -2.075                        22.4
  6858.15    26.0        4.61     -0.972                        51.6
  6861.94    26.0        2.42     -3.795                        18.9
  6862.50    26.0        4.56     -1.437                        29.9
  6864.32    26.0        4.56     -2.229                         6.8
  4508.28    26.1        2.86     -2.403                        87.3
  4520.22    26.1        2.81     -2.563                        81.9
  4534.17    26.1        2.86     -3.203                        53.7
  4541.52    26.1        2.86     -2.762                        71.5
  4576.34    26.1        2.84     -2.947                        64.9
  4582.84    26.1        2.84     -3.076                        59.7
  4620.51    26.1        2.83     -3.234                        53.9
  4629.34    26.1        2.81     -2.262                        97.9
  4656.98    26.1        2.89     -3.676                        33.8
  4670.17    26.1        2.58     -4.011                        32.0
  4923.93    26.1        2.89     -1.541                       154.3
  5132.67    26.1        2.81     -4.008                        24.6
  5197.57    26.1        3.23     -2.293                        80.1
  5234.63    26.1        3.22     -2.235                        83.5
  5256.94    26.1        2.89     -4.019                        21.7
  5264.81    26.1        3.23     -3.091                        45.6
  5284.11    26.1        2.89     -3.132                        57.6
  5414.07    26.1        3.22     -3.568                        26.9
  5425.25    26.1        3.20     -3.234                        41.1
  5427.81    26.1        6.72     -1.481                         4.4
  5525.12    26.1        3.27     -4.000                        12.4
  5534.85    26.1        3.25     -2.792                        58.1
  5991.38    26.1        3.15     -3.539                        31.2
  6084.11    26.1        3.20     -3.774                        20.9
  6113.32    26.1        3.22     -4.108                        11.3
  6149.25    26.1        3.89     -2.719                        36.2
  6238.39    26.1        3.89     -2.526                        44.4
  6239.94    26.1        3.89     -3.448                        12.2
  6247.56    26.1        3.89     -2.347                        52.2
  6369.46    26.1        2.89     -4.131                        19.1
  6407.29    26.1        3.89     -2.899                        29.4
  6416.93    26.1        3.89     -2.625                        40.5
  6432.69    26.1        2.89     -3.572                        41.0
  6442.97    26.1        5.55     -2.399                         5.1
  6456.39    26.1        3.90     -2.110                        63.0
  6516.09    26.1        2.89     -3.279                        54.2
  6707.83     3.0        0.00      0.146                         3.2
  5052.15     6.0        7.68     -1.284                        34.1
  5380.32     6.0        7.68     -1.573                        20.8
  6587.62     6.0        8.54     -1.034                        14.0
  6158.17     8.0       10.74     -0.254                         3.6
  6300.30     8.0        0.00     -9.746                         3.4
  5688.22    11.0        2.10     -0.355                       121.4
  6154.23    11.0        2.10     -1.508                        36.6
  6160.75    11.0        2.10     -1.225                        54.3
  4730.04    12.0        4.35     -2.254                        69.6
  5711.09    12.0        4.35     -1.792                       105.6
  6319.24    12.0        5.11     -2.318                        25.2
  6318.72    12.0        5.11     -2.051                        39.9
  6696.03    13.0        3.14     -1.551                        36.2
  6698.67    13.0        3.14     -1.868                        21.1
  5517.54    14.0        5.08     -2.459                        12.9
  5621.60    14.0        5.08     -2.610                         9.5
  5645.61    14.0        4.93     -2.029                        35.8
  5684.49    14.0        4.95     -1.601                        61.2
  5690.43    14.0        4.93     -1.775                        50.9
  5701.11    14.0        4.93     -1.995                        37.7
  5753.64    14.0        5.62     -1.292                        45.7
  5772.15    14.0        5.08     -1.629                        52.0
  5797.87    14.0        4.95     -1.872                        43.9
  5948.54    14.0        5.08     -1.164                        85.4
  6125.02    14.0        5.61     -1.515                        31.7
  6142.49    14.0        5.62     -1.481                        33.1
  6145.02    14.0        5.62     -1.383                        38.8
  6195.46    14.0        5.87     -1.627                        17.1
  6237.33    14.0        5.61     -1.073                        61.1
  6243.82    14.0        5.62     -1.290                        44.8
  6244.48    14.0        5.62     -1.269                        46.2
  6414.99    14.0        5.87     -1.161                        40.7
  6527.21    14.0        5.87     -1.185                        38.9
  6583.71    14.0        5.95     -1.595                        16.0
  6721.85    14.0        5.86     -1.114                        44.0
  6741.63    14.0        5.98     -1.586                        15.5
  6052.67    16.0        7.87     -0.595                         7.7
  6757.17    16.0        7.87     -0.303                        12.9
  5261.71    20.0        2.52     -0.657                        97.7
  5349.47    20.0        2.71     -0.561                        94.6
  5512.98    20.0        2.93     -0.539                        84.8
  5867.56    20.0        2.93     -1.575                        25.1
  6156.02    20.0        2.52     -2.483                         9.6
  6161.29    20.0        2.52     -1.292                        60.6
  6166.44    20.0        2.52     -1.132                        69.9
  6169.04    20.0        2.52     -0.777                        92.2
  6449.82    20.0        2.52     -0.710                        98.1
  6455.60    20.0        2.52     -1.383                        56.3
  6471.67    20.0        2.53     -0.802                        91.2
  6499.65    20.0        2.52     -0.894                        85.8
  4743.82    21.0        1.45      0.240                         8.0
  5520.50    21.0        1.87      0.506                         6.6
  5671.82    21.0        1.45      0.479                        14.6
  5526.82    21.1        1.77      0.094                        76.3
  5657.88    21.1        1.51     -0.373                        66.9
  5667.14    21.1        1.50     -1.076                        33.9
  5684.19    21.1        1.51     -0.995                        37.2
  6245.62    21.1        1.51     -1.073                        34.9
  6320.84    21.1        1.50     -1.917                         8.1
  6604.60    21.1        1.36     -1.210                        36.4
  4555.49    22.0        0.85     -0.537                        63.7
  4562.63    22.0        0.02     -2.688                        10.9
  4656.47    22.0        0.00     -1.269                        68.6
  4675.11    22.0        1.07     -0.905                        38.1
  4645.19    22.0        1.73     -0.632                        22.0
  4722.61    22.0        1.05     -1.398                        18.7
  4820.41    22.0        1.50     -0.392                        43.1
  4913.62    22.0        1.87      0.107                        50.2
  4997.10    22.0        0.00     -2.139                        31.6
  5016.17    22.0        0.85     -0.615                        63.2
  5039.96    22.0        0.02     -1.156                        75.3
  5064.06    22.0        2.69     -0.439                         5.5
  5071.49    22.0        1.46     -0.761                        28.8
  5113.44    22.0        1.44     -0.825                        27.0
  5145.47    22.0        1.46     -0.586                        37.0
  5219.70    22.0        0.02     -2.220                        28.1
  5490.16    22.0        1.46     -0.973                        21.4
  5503.90    22.0        2.58     -0.181                        12.3
  5648.57    22.0        2.49     -0.371                        10.1
  5662.16    22.0        2.32     -0.086                        23.5
  5739.48    22.0        2.25     -0.742                         7.7
  5766.33    22.0        3.29      0.365                         9.6
  5866.45    22.0        1.07     -0.800                        48.1
  5965.84    22.0        1.88     -0.454                        26.7
  5978.55    22.0        1.87     -0.566                        22.6
  6064.63    22.0        1.05     -1.908                         8.3
  6091.18    22.0        2.27     -0.408                        15.0
  6126.22    22.0        1.07     -1.379                        22.1
  6258.11    22.0        1.44     -0.393                        51.5
  6261.10    22.0        1.43     -0.449                        49.2
  6599.12    22.0        0.90     -2.034                         9.3
  4583.41    22.1        1.16     -2.805                        31.8
  4636.33    22.1        1.16     -3.117                        19.8
  4657.20    22.1        1.24     -2.337                        49.3
  4708.67    22.1        1.24     -2.351                        48.9
  4911.20    22.1        3.12     -0.492                        52.3
  5211.54    22.1        2.59     -1.449                        32.8
  5381.03    22.1        1.57     -1.859                        59.1
  5418.77    22.1        1.58     -2.061                        49.5
  5670.85    23.0        1.08     -0.417                        18.8
  5703.59    23.0        1.05     -0.144                        30.9
  5727.05    23.0        1.08      0.064                        39.3
  5737.07    23.0        1.06     -0.751                        10.4
  6039.73    23.0        1.06     -0.678                        12.5
  6081.45    23.0        1.05     -0.629                        14.1
  6090.21    23.0        1.08     -0.088                        33.3
  6111.65    23.0        1.04     -0.737                        11.6
  6135.36    23.0        1.05     -0.825                         9.6
  6216.35    23.0        0.28     -0.842                        36.0
  6224.51    23.0        0.29     -1.873                         5.3
  6251.83    23.0        0.29     -1.366                        15.0
  6274.66    23.0        0.27     -1.683                         8.3
  6285.17    23.0        0.28     -1.610                         9.5
  4575.11    24.0        3.37     -0.981                        10.0
  4600.75    24.0        1.00     -1.431                        82.3
  4626.18    24.0        0.97     -1.440                        83.3
  4633.25    24.0        3.13     -1.190                        10.4
  4700.61    24.0        2.71     -1.439                        14.0
  4708.02    24.0        3.17     -0.078                        55.0
  4730.72    24.0        3.08     -0.320                        46.3
  4767.86    24.0        3.56     -0.576                        16.1
  4775.14    24.0        3.55     -1.000                         6.9
  4936.34    24.0        3.11     -0.315                        45.6
  4964.93    24.0        0.94     -2.551                        38.1
  5214.14    24.0        3.37     -0.759                        16.4
  5238.97    24.0        2.71     -1.405                        15.9
  5247.57    24.0        0.96     -1.588                        82.0
  5287.18    24.0        3.44     -0.929                        10.4
  5296.70    24.0        0.98     -1.344                        93.1
  5300.75    24.0        0.98     -2.095                        58.9
  5781.18    24.0        3.32     -0.859                        15.5
  5783.07    24.0        3.32     -0.444                        31.4
  5787.92    24.0        3.32     -0.154                        46.0
  6330.13    24.0        0.94     -2.903                        26.7
  6661.08    24.0        4.19     -0.208                        12.0
  6882.52    24.0        3.44     -0.362                        32.2
  4588.20    24.1        4.07     -0.717                        68.5
  4592.05    24.1        4.07     -1.219                        47.6
  4884.61    24.1        3.86     -2.037                        23.4
  4502.21    25.0        2.92     -0.566                        57.0
  4671.77    25.0        2.89     -1.615                        14.8
  4739.11    25.0        2.94     -0.505                        60.1
  5377.62    25.0        3.84     -0.110                        40.8
  5399.47    25.0        3.85     -0.147                        38.5
  5413.67    25.0        3.86     -0.522                        21.6
  4594.63    27.0        3.63     -0.356                        12.5
  4792.86    27.0        3.25     -0.154                        32.7
  4813.48    27.0        3.22      0.103                        45.9
  5301.05    27.0        1.71     -2.029                        19.5
  5342.71    27.0        4.02      0.534                        32.3
  5352.05    27.0        3.58     -0.071                        24.4
  5359.20    27.0        4.15     -0.034                         9.6
  5647.24    27.0        2.28     -1.668                        14.0
  6814.95    27.0        1.96     -1.895                        18.8
  4512.99    28.0        3.71     -1.442                        19.4
  4811.99    28.0        3.66     -1.337                        25.6
  4814.60    28.0        3.60     -1.644                        16.7
  4913.98    28.0        3.74     -0.634                        55.7
  4946.04    28.0        3.80     -1.198                        26.2
  4952.29    28.0        3.61     -1.234                        32.3
  4976.33    28.0        1.68     -2.976                        37.7
  4995.66    28.0        3.63     -1.586                        17.9
  5081.11    28.0        3.85      0.092                        93.5
  5094.41    28.0        3.83     -1.081                        30.3
  5010.94    28.0        3.63     -0.873                        48.8
  5392.33    28.0        4.15     -1.327                        12.0
  5435.86    28.0        1.99     -2.405                        51.7
  5462.50    28.0        3.85     -0.851                        41.0
  5578.72    28.0        1.68     -2.657                        54.7
  5587.87    28.0        1.93     -2.451                        52.9
  5589.36    28.0        3.90     -1.122                        26.7
  5625.32    28.0        4.09     -0.703                        37.8
  5628.35    28.0        4.09     -1.288                        14.7
  5638.75    28.0        3.90     -1.673                         9.8
  5641.88    28.0        4.11     -0.990                        24.1
  5643.08    28.0        4.16     -1.210                        15.1
  5682.20    28.0        4.10     -0.447                        50.5
  5694.99    28.0        4.09     -0.600                        43.1
  5754.68    28.0        1.94     -1.944                        76.3
  5847.00    28.0        1.68     -3.386                        23.0
  5748.36    28.0        1.68     -3.254                        28.0
  5805.22    28.0        4.17     -0.576                        40.8
  5996.73    28.0        4.24     -0.983                        20.3
  6007.31    28.0        1.68     -3.342                        25.1
  6086.29    28.0        4.27     -0.442                        43.5
  6108.12    28.0        1.68     -2.481                        65.0
  6111.08    28.0        4.09     -0.795                        34.2
  6119.76    28.0        4.27     -1.290                        10.9
  6128.98    28.0        1.68     -3.344                        25.3
  6130.14    28.0        4.27     -0.910                        22.1
  6175.37    28.0        4.09     -0.503                        49.0
  6176.82    28.0        4.09     -0.234                        63.7
  6177.25    28.0        1.83     -3.512                        14.6
  6186.72    28.0        4.11     -0.859                        30.5
  6204.61    28.0        4.09     -1.086                        22.0
  6223.99    28.0        4.11     -0.925                        27.7
  6230.10    28.0        4.11     -1.105                        20.6
  6322.17    28.0        4.15     -1.137                        18.4
  6327.60    28.0        1.68     -3.057                        38.6
  6360.81    28.0        4.17     -1.117                        18.5
  6378.26    28.0        4.15     -0.803                        31.8
  6598.60    28.0        4.24     -0.886                        24.9
  6635.13    28.0        4.42     -0.751                        23.6
  6767.78    28.0        1.83     -2.103                        79.2
  6772.32    28.0        3.66     -0.931                        49.2
  6842.04    28.0        3.66     -1.469                        24.2
  5218.21    29.0        3.82      0.305                        53.0
  5220.09    29.0        3.82     -0.532                        16.8
  4810.54    30.0        4.08     -0.208                        73.2
  6362.35    30.0        5.79      0.123                        21.5
  4900.12    39.1        1.03      0.023                        58.8
  5087.43    39.1        1.08     -0.227                        48.4
  5200.42    39.1        0.99     -0.575                        38.6
  5402.78    39.1        1.84     -0.478                        13.8
  5112.28    40.1        1.66     -0.839                         7.6
  5853.69    56.1        0.60     -0.888                        62.5
  6141.73    56.1        0.70      0.174                       115.3
  6496.91    56.1        0.60     -0.234                        96.9
  5092.80    60.1        0.38     -0.400                         9.0
  6645.13    63.1        1.38      0.186                         4.7
