1.300000000000000000e+01
1.600000000000000000e+01
1.700000000000000000e+01
2.000000000000000000e+01
2.400000000000000000e+01
2.500000000000000000e+01
2.800000000000000000e+01
3.000000000000000000e+01
3.100000000000000000e+01
3.200000000000000000e+01
3.300000000000000000e+01
3.500000000000000000e+01
3.600000000000000000e+01
3.700000000000000000e+01
4.100000000000000000e+01
4.200000000000000000e+01
4.800000000000000000e+01
5.000000000000000000e+01
5.200000000000000000e+01
6.300000000000000000e+01
6.400000000000000000e+01
6.500000000000000000e+01
6.600000000000000000e+01
7.100000000000000000e+01
7.500000000000000000e+01
7.700000000000000000e+01
7.800000000000000000e+01
1.020000000000000000e+02
1.090000000000000000e+02
1.110000000000000000e+02
1.300000000000000000e+02
1.310000000000000000e+02
1.320000000000000000e+02
1.330000000000000000e+02
1.340000000000000000e+02
1.360000000000000000e+02
1.370000000000000000e+02
1.380000000000000000e+02
1.390000000000000000e+02
1.400000000000000000e+02
1.410000000000000000e+02
1.420000000000000000e+02
1.430000000000000000e+02
1.440000000000000000e+02
1.450000000000000000e+02
1.460000000000000000e+02
1.470000000000000000e+02
1.500000000000000000e+02
1.540000000000000000e+02
1.560000000000000000e+02
1.580000000000000000e+02
1.610000000000000000e+02
1.620000000000000000e+02
1.640000000000000000e+02
1.650000000000000000e+02
1.660000000000000000e+02
1.670000000000000000e+02
1.690000000000000000e+02
1.700000000000000000e+02
1.720000000000000000e+02
1.730000000000000000e+02
1.800000000000000000e+02
1.820000000000000000e+02
1.910000000000000000e+02
1.940000000000000000e+02
1.960000000000000000e+02
1.980000000000000000e+02
2.050000000000000000e+02
2.070000000000000000e+02
2.140000000000000000e+02
2.180000000000000000e+02
2.220000000000000000e+02
2.270000000000000000e+02
2.290000000000000000e+02
2.390000000000000000e+02
2.420000000000000000e+02
2.460000000000000000e+02
2.470000000000000000e+02
2.540000000000000000e+02
2.670000000000000000e+02
2.720000000000000000e+02
2.730000000000000000e+02
2.770000000000000000e+02
2.780000000000000000e+02
2.800000000000000000e+02
2.870000000000000000e+02
2.900000000000000000e+02
2.910000000000000000e+02
2.920000000000000000e+02
2.940000000000000000e+02
2.950000000000000000e+02
2.960000000000000000e+02
3.010000000000000000e+02
3.040000000000000000e+02
3.060000000000000000e+02
3.140000000000000000e+02
3.170000000000000000e+02
3.220000000000000000e+02
3.250000000000000000e+02
3.270000000000000000e+02
3.280000000000000000e+02
3.290000000000000000e+02
3.300000000000000000e+02
3.310000000000000000e+02
3.320000000000000000e+02
3.330000000000000000e+02
3.360000000000000000e+02
3.390000000000000000e+02
3.410000000000000000e+02
3.450000000000000000e+02
3.470000000000000000e+02
3.570000000000000000e+02
3.580000000000000000e+02
3.600000000000000000e+02
3.620000000000000000e+02
3.640000000000000000e+02
3.740000000000000000e+02
3.750000000000000000e+02
3.800000000000000000e+02
3.810000000000000000e+02
3.930000000000000000e+02
3.980000000000000000e+02
4.000000000000000000e+02
4.030000000000000000e+02
4.040000000000000000e+02
4.060000000000000000e+02
4.140000000000000000e+02
4.170000000000000000e+02
4.210000000000000000e+02
4.230000000000000000e+02
4.250000000000000000e+02
4.270000000000000000e+02
4.280000000000000000e+02
4.380000000000000000e+02
4.390000000000000000e+02
4.400000000000000000e+02
4.410000000000000000e+02
4.420000000000000000e+02
4.430000000000000000e+02
4.440000000000000000e+02
4.450000000000000000e+02
4.460000000000000000e+02
4.470000000000000000e+02
4.490000000000000000e+02
4.500000000000000000e+02
4.520000000000000000e+02
4.540000000000000000e+02
4.560000000000000000e+02
4.580000000000000000e+02
4.590000000000000000e+02
4.610000000000000000e+02
4.670000000000000000e+02
4.680000000000000000e+02
4.800000000000000000e+02
4.820000000000000000e+02
4.850000000000000000e+02
4.870000000000000000e+02
4.910000000000000000e+02
4.930000000000000000e+02
4.960000000000000000e+02
4.980000000000000000e+02
5.000000000000000000e+02
5.040000000000000000e+02
5.130000000000000000e+02
5.190000000000000000e+02
5.210000000000000000e+02
5.330000000000000000e+02
5.350000000000000000e+02
5.370000000000000000e+02
5.380000000000000000e+02
5.390000000000000000e+02
5.410000000000000000e+02
5.430000000000000000e+02
5.440000000000000000e+02
5.450000000000000000e+02
5.460000000000000000e+02
5.470000000000000000e+02
5.480000000000000000e+02
5.520000000000000000e+02
5.530000000000000000e+02
5.570000000000000000e+02
5.590000000000000000e+02
5.600000000000000000e+02
5.610000000000000000e+02
5.620000000000000000e+02
5.630000000000000000e+02
5.640000000000000000e+02
5.650000000000000000e+02
5.660000000000000000e+02
5.670000000000000000e+02
5.680000000000000000e+02
5.690000000000000000e+02
5.700000000000000000e+02
5.710000000000000000e+02
5.720000000000000000e+02
5.860000000000000000e+02
5.870000000000000000e+02
5.880000000000000000e+02
6.260000000000000000e+02
6.280000000000000000e+02
6.330000000000000000e+02
6.350000000000000000e+02
6.450000000000000000e+02
6.460000000000000000e+02
6.470000000000000000e+02
6.480000000000000000e+02
6.560000000000000000e+02
6.590000000000000000e+02
6.600000000000000000e+02
6.610000000000000000e+02
6.620000000000000000e+02
6.760000000000000000e+02
6.770000000000000000e+02
6.810000000000000000e+02
6.850000000000000000e+02
6.900000000000000000e+02
6.910000000000000000e+02
6.940000000000000000e+02
7.040000000000000000e+02
7.050000000000000000e+02
7.100000000000000000e+02
7.160000000000000000e+02
7.180000000000000000e+02
7.210000000000000000e+02
7.240000000000000000e+02
7.260000000000000000e+02
7.470000000000000000e+02
7.480000000000000000e+02
7.500000000000000000e+02
7.520000000000000000e+02
7.530000000000000000e+02
7.540000000000000000e+02
7.550000000000000000e+02
7.570000000000000000e+02
7.600000000000000000e+02
7.610000000000000000e+02
7.620000000000000000e+02
7.630000000000000000e+02
7.640000000000000000e+02
7.660000000000000000e+02
7.670000000000000000e+02
7.680000000000000000e+02
7.690000000000000000e+02
7.710000000000000000e+02
7.720000000000000000e+02
7.730000000000000000e+02
7.750000000000000000e+02
7.830000000000000000e+02
7.850000000000000000e+02
7.870000000000000000e+02
7.890000000000000000e+02
7.920000000000000000e+02
7.940000000000000000e+02
7.950000000000000000e+02
7.980000000000000000e+02
8.000000000000000000e+02
8.010000000000000000e+02
8.020000000000000000e+02
8.030000000000000000e+02
8.050000000000000000e+02
8.100000000000000000e+02
8.110000000000000000e+02
8.120000000000000000e+02
8.150000000000000000e+02
8.320000000000000000e+02
8.340000000000000000e+02
8.400000000000000000e+02
8.410000000000000000e+02
8.420000000000000000e+02
8.430000000000000000e+02
8.440000000000000000e+02
8.450000000000000000e+02
8.480000000000000000e+02
