 pair   stddev     line1     line2             C0             C1             C2             C3   flag   stdlevel
   25    294.0   5855.08   5866.45       4146.104        3717.22        -16.609       -468.045      1        low
   29    229.0   6056.01   6064.63       4328.557       -1343.78         39.753       -123.807      2        low
   30    241.0   6056.01   6039.73       4392.201        1508.79        217.963         47.065      2        low
   33    238.0   6056.01   6111.65        4377.08      -1492.756        167.289        -63.127      2        low
   44    121.0   6733.15   6739.52       4874.266      -2336.814        747.255         945.69      2        opt
   45    127.0   6733.15   6707.83       4662.201        759.986        343.288        323.691      2        opt
   50    181.0    4523.4   4562.63       4662.415      -1736.696          197.1        132.507      2        opt
   52    148.0   4537.67   4562.63       5298.531       -2243.12        592.209         456.96      2        opt
   54    146.0   4551.65   4562.63       4968.203      -1774.201        465.563        392.696      2        opt
   55    147.0   4556.93   4562.63       4979.196      -1969.483        561.901        437.568      2        opt
   56    194.0   4566.52   4562.63       4618.565        1942.32       -559.205        464.047      2        opt
   59    145.0   4593.53   4562.63       4966.332       1766.686        463.107       -385.918      2        opt
   61    156.0   4596.41   4562.63       4838.991       1758.396        477.385       -363.386      2        opt
   66    266.0   4607.65   4562.63       3905.737       2913.929      -1760.265        705.071      2        low
   71    182.0   4631.49   4562.63        5682.14       1873.679        314.207       -179.926      2        opt
   80    176.0   4661.54   4675.11       3784.476       2329.519       -494.818          44.38      1        opt
   97    176.0   4952.65    4997.1       5026.988      -2161.788        617.462        515.423      2        opt
   99    191.0   4952.65   4964.93       5044.887      -2940.558       1325.956       1184.446      2        opt
  103    176.0   4962.58    4997.1       5031.055      -2169.758         612.55        513.157      2        opt
  118    237.0   4994.14   5052.15       5388.339       1646.537       -367.571         27.666      0        low
  120    232.0   5044.22   5052.15       6414.138       1757.334        220.099       -116.296      2        low
  121    188.0   5054.65   5052.15       5872.302      -1437.027        186.373          -3.11      2        opt
  122    137.0   5054.65    4997.1       5345.982       2645.955        682.752       -767.533      2        opt
  137    227.0   5072.68   5052.15       6357.763      -1859.794        310.624         37.692      2        low
  144    306.0   5074.76   5127.36       6641.705        7975.96     -16082.281       6678.126      0        low
  153    242.0   5083.34   5052.15       5421.317       1735.817       -405.534         32.106      1        low
  157    191.0   5088.15   5052.15        5857.72      -1504.918        210.575          0.179      2        opt
  218    137.0   5197.94    5219.7       5441.948      -2244.494        465.194        436.956      2        opt
  237    225.0   5225.53   5197.57       5623.099       -1958.89        159.381        366.265      2        low
  239    183.0   5225.53   5264.81       6139.475       1769.082         47.986       -258.221      2        opt
  284    219.0   5373.71   5380.32       6653.294       1875.514        439.095        103.187      2        low
  285    126.0   5376.83   5380.32       5581.272       1188.939         93.872        187.063      2        opt
  286    225.0   5379.58   5427.81       7748.052       1698.895       -392.579       -228.697      2        low
  287    212.0   5379.58   5380.32       6566.259       1691.931        274.407         42.368      2        low
  288    159.0   5386.34   5380.32       6021.382      -1400.368        199.969        -86.972      2        opt
  290    143.0   5395.22   5380.32        5737.37      -1291.595        160.296       -150.992      2        opt
  291    246.0   5398.28   5380.32       6834.698      -2062.595        690.371        -208.69      2        low
  292    150.0   5401.27   5380.32       5866.393      -1336.947        184.383       -121.373      2        opt
  293    168.0   5406.78   5380.32       6109.524      -1493.626         225.15        -68.316      2        opt
  294    203.0   5409.14   5380.32       6514.515      -1754.073        319.326        -53.487      2        low
  295    167.0   5417.04   5380.32       6092.658      -1490.746        226.794        -71.981      2        opt
  296    238.0   5432.95   5380.32       6786.985      -2006.501        605.372       -173.666      2        low
  297    175.0    5436.3   5380.32       6207.498      -1556.176        237.527        -54.582      2        opt
  298    138.0   5436.59   5427.81       6963.513      -1326.782         38.249        -46.488      2        opt
  299    160.0   5436.59   5380.32       6131.333      -1184.062         98.694        -70.852      2        opt
  300    162.0   5441.34   5380.32       6030.963      -1434.478        209.534        -83.584      2        opt
  301    151.0   5466.99   5427.81       7001.453      -1581.699         45.307         26.431      2        opt
  308    144.0    5619.6   5670.85       5077.525      -2115.061        925.115        179.132      2        opt
  317    147.0   5635.83   5670.85       5059.723      -2146.327        979.017        166.481      2        opt
  319    295.0   5638.27   5670.85       4316.295      -2378.261       -771.114       -544.412      2        low
  321    261.0   5641.44   5670.85       4511.578      -1942.434        102.585       -165.887      2        low
  328    139.0   5649.99   5670.85       5121.815      -1890.578        713.371        148.162      2        opt
  329    149.0   5649.99   5703.59       4014.322       1828.201       -389.693          32.53      1        opt
  332    146.0   5651.47   5670.85       3961.347       2476.053       -782.997        110.932      1        opt
  333    204.0   5651.47   5703.59       3981.525       3497.937      -1102.888        148.321      1        low
  334    130.0   5652.32   5670.85       5352.303      -2467.505       1098.457        105.695      2        opt
  335    152.0   5652.32   5703.59       3844.792       2721.779       -694.632         79.205      1        opt
  337    134.0   5653.87   5703.59       3796.553       2084.148       -478.722         47.009      1        opt
  338    133.0   5661.35   5670.85       3897.518       2132.195       -579.372         71.859      1        opt
  340    239.0   5661.35   5727.05       3975.886       3224.863         -53.95       -284.994      1        low
  344    216.0   5667.52   5670.85       4709.455      -1865.622        649.979         62.314      2        low
  354    195.0   5679.03   5727.05       5084.672       -2541.81       1140.963        592.877      2        opt
  356    191.0   5680.24   5670.85       3994.192       3704.107      -1220.217        179.858      0        opt
  370    229.0    5720.9   5703.59       4045.744       4027.308      -1374.538        184.538      0        low
  373    232.0   5731.77   5670.85       4640.102       1830.918        517.583        -23.119      2        low
  375    202.0   5731.77   5727.05       3599.683       1812.907       -354.633         28.076      0        low
  377    168.0   5738.24   5670.85       3964.766       3072.719      -1031.889        173.103      0        opt
  386    179.0   5752.04   5727.05        5185.26       2671.914        1171.28        -576.06      2        opt
  388    214.0   5775.08   5727.05       3572.787       1778.176       -341.145         26.166      0        low
  396    167.0   5806.73   5866.45       3733.631       2126.695       -445.943         39.003      1        opt
  407    159.0   5852.22   5866.45       3858.554       2660.457       -541.506         35.405      1        opt
  413    198.0   5856.09   5866.45       3952.242       2594.574         231.34       -274.526      1        opt
  424    155.0   5927.79   5866.45        3856.96       2563.327       -571.475         50.619      0        opt
  426    162.0   5929.68   5866.45       3876.092       2685.513       -527.979         28.638      0        opt
  437    238.0   5983.69   6039.73       4431.957       -1577.04        115.113       -127.045      2        low
  442    232.0   5987.07   6039.73       4424.711      -1447.658        346.145         12.693      2        low
  451    242.0   6027.06   6064.63       4333.877      -1781.717       -844.432       -651.727      2        low
  452    252.0   6027.06   6039.73       4410.755      -1954.174       -701.181       -634.962      2        low
  459    308.0   6034.04   6090.21       9200.958      -9866.999       7408.161      -2053.662      2        low
  476    236.0   6078.49   6064.63        4275.68       1356.468          3.726        130.679      2        low
  481    247.0   6078.49   6111.65       4319.779       -1505.63        131.372        -64.259      2        low
  482    242.0   6078.49   6135.36       4266.481      -1499.719        -57.306       -161.737      2        low
  489    162.0   6079.01   6126.22       4993.054      -1871.647        814.384         85.651      2        opt
  490    172.0   6079.01   6039.73       4718.123       1500.177        594.909        -74.346      2        opt
  492    148.0   6079.01   6090.21       5274.134      -2488.136       1026.681        311.704      2        opt
  500    137.0   6089.57   6120.25       4252.694      -1687.668        483.498        297.411      2        opt
  503    143.0   6089.57   6064.63       4760.129       1317.624        514.799         31.303      2        opt
  504    130.0   6089.57   6126.22       5233.819      -2121.934        920.822         45.352      2        opt
  505    142.0   6089.57   6039.73       4898.183       1613.878        666.986        -41.572      2        opt
  507    130.0   6089.57   6090.21       3874.043       2233.204       -545.415         56.528      1        opt
  508    143.0   6089.57   6111.65       4872.066      -1559.853        630.669         36.192      2        opt
  509    143.0   6089.57   6135.36       4795.972      -1436.923        567.166          5.858      2        opt
  515    132.0   6094.38   6126.22       4031.914       2535.893       -821.448        116.475      1        opt
  518    193.0   6094.38   6090.21       4016.992       3520.346      -1231.781        191.842      0        opt
  520    113.0   6094.38   6135.36       5182.583      -1692.721        680.916        -51.711      2        opt
  530    146.0   6098.25   6126.22       4037.496       2990.397      -1107.405        188.287      1        opt
  533    220.0   6098.25   6090.21       4048.393       3961.881      -1305.704        168.395      0        low
  539    102.0   6120.25   6159.38       5118.426       1903.677        189.356       -542.812      2        opt
  542     40.0   6120.25   6158.17       5809.408        622.379        -17.088         72.635      2        opt
  544     81.0   6120.25   6142.49       4877.149       1087.708        129.375        -24.402      2        opt
  545     83.0   6120.25   6145.02       4787.737       1082.164        164.403         -46.65      2        opt
  546     48.0   6120.25   6052.67         5636.0       -693.411        -20.938        -88.359      2        opt
  547    141.0   6120.25   6086.29       4319.407      -1561.232         34.618        -34.165      2        opt
  548    117.0   6120.25   6111.08       4470.876      -1559.163        229.152        121.501      2        opt
  549     87.0   6120.25   6119.76       5300.457      -1565.552          99.71         77.438      2        opt
  550     86.0   6120.25   6130.14       4830.307       1531.439        251.978       -212.396      2        opt
  553    105.0   6120.25   6186.72       4568.577        1541.23        296.229       -188.729      2        opt
  556    195.0   6127.91   6126.22       4898.348       1915.202         836.49         10.661      2        opt
  558    170.0   6127.91   6090.21       3700.286       1778.925       -363.212         31.623      0        opt
  563    241.0   6151.62   6125.02       6343.122      -2859.267         958.52          4.483      2        low
  565    218.0   6151.62   6145.02        4159.99       2533.694       -713.772         79.906      1        low
  576    169.0   6159.38   6126.22       4079.036       3871.396      -1792.849        392.578      0        opt
  577    252.0   6159.38   6090.21       4115.537       4840.207      -1424.207        -27.082      0        low
  579    118.0   6159.38   6135.36       5570.929       2040.117        871.635        149.596      2        opt
  581    110.0   6159.38   6224.51       5278.775       -1364.73        326.028          -2.84      2        opt
  584    175.0   6165.36   6126.22        4975.12       1995.307        941.977          4.914      2        opt
  600    172.0   6187.99   6224.51       4497.439       -1321.02       -186.094       -244.873      2        opt
  601    177.0   6187.99   6251.83       4797.365      -1699.183        375.154        168.424      2        opt
  616    114.0   6220.79   6224.51       4956.674      -1366.803         392.96         42.177      2        opt
  617    135.0   6220.79   6251.83       5526.654      -2200.964        585.175        217.224      2        opt
  630    262.0   6232.65   6251.83       4201.665      -2933.387      -2093.523      -1009.322      2        low
  635    195.0   6240.65   6243.82       4132.985       2160.941       -518.188         48.552      0        opt
  641    283.0   6290.98   6358.68        3185.04       4442.441      -1451.304        163.826      1        low
  647    179.0   6290.98   6224.51       4358.347       1200.257         61.893         22.144      2        opt
  648    196.0   6290.98   6251.83        4606.98       1505.625        430.652       -233.807      2        opt
  650    190.0   6290.98   6285.17       4488.778       1331.685        302.423        -138.06      2        opt
  665    151.0   6315.81   6251.83       4934.229       1717.428        476.089       -241.235      2        opt
  668    146.0   6315.81   6330.13        5177.32      -2515.627       1003.821        465.179      2        opt
  677    182.0   6358.68   6416.93       6461.956       1885.437        -15.944        -343.71      2        opt
  685    189.0   6380.75   6330.13       4927.019       2196.736        850.356       -370.286      2        opt
  689    107.0   6392.54   6442.97       6304.233       1062.629        139.369        122.601      2        opt
  691    109.0   6392.54   6362.35       5632.535      -1342.226        466.159       -377.796      2        opt
  695    183.0   6481.88   6442.97       7467.715      -1580.967       -188.342        126.991      2        opt
  707     83.0   6608.03   6587.62       5826.854       -848.871         32.951       -109.544      2        opt
  708    120.0   6608.03   6583.71       5807.293      -1678.169        459.558       -228.263      2        opt
  709    174.0   6609.12   6587.62       6639.778      -1345.436        140.619        -43.288      2        opt
  711    147.0   6625.02   6627.55       5156.028       2328.245        424.528       -912.696      2        opt
  712    225.0   6625.02   6653.86       3752.438       4152.489      -2128.253        423.108      0        low
  713     76.0   6625.02   6587.62       5791.878       -731.688          -5.61        -85.487      2        opt
  714    126.0   6625.02   6583.71        5745.54      -1285.283        145.474         -80.91      2        opt
  716    136.0   6625.02    6598.6       5379.467      -1946.341        274.455        343.056      2        opt
  717    137.0   6625.02   6635.13       5436.485       1882.168        248.058       -284.388      2        opt
  718    132.0   6627.55   6587.62       6119.993      -1302.208        212.597        -117.09      2        opt
  721     68.0   6646.94   6587.62       5641.068       -834.996          8.123       -112.081      2        opt
  722     84.0   6646.94   6583.71       5459.672      -1489.925        339.893       -308.133      2        opt
  724     86.0   6653.86   6587.62       5624.703      -1003.436         37.734       -187.214      2        opt
  726    217.0   6699.15   6710.32       3724.295       5221.354      -3267.219        802.208      1        low
  728     75.0   6699.15   6707.83        5144.42      -1289.031        830.038       -355.745      2        opt
  730    157.0   6703.57   6721.85       5576.417         2218.5        887.691         29.936      2        opt
  731    209.0   6703.57   6741.63        6745.27       3106.669       1504.155        470.932      2        low
  733    182.0   6705.11   6710.32       4503.399      -2378.303        433.001        433.883      2        opt
  739    185.0   6710.32   6726.67       4481.353       2393.434        364.258       -375.025      2        opt
  740    219.0   6710.32   6732.07       3713.092       5517.752      -3620.701        934.991      0        low
  752    106.0   6713.74   6707.83        4751.71        840.024        429.999        279.724      2        opt
  754    120.0   6725.36   6707.83       4749.946        897.403        553.666        426.987      2        opt
  757    183.0   6726.67   6707.83       4496.825        701.834       -100.621        462.517      2        opt
  759    174.0   6732.07   6739.52       3661.023       4603.646      -2673.558        605.441      1        opt
  763    145.0   6739.52   6752.71       4557.859       2201.582        762.135       -676.342      2        opt
  765    105.0   6739.52   6721.85       4993.714      -1218.843        227.804          1.838      2        opt
  768     77.0   6745.11   6707.83       5116.955       1259.102        809.299        353.132      2        opt
  770     87.0   6745.97   6707.83       5158.916       1469.634       1096.078        488.453      2        opt
  772    153.0   6752.71   6707.83       4575.136         689.25        169.865        373.617      2        opt
  776    195.0   6806.85   6741.63       6625.346      -2883.847       1308.197       -410.159      2        opt
  791    117.0   5427.81   5402.78       6943.375       2689.063         76.198       -143.355      2        opt
  802    146.0   6238.39   6251.83       5317.704       -841.512        143.004        -64.989      2        opt
  804    134.0   6238.39   6285.17       5203.866       -754.606        123.138         -75.05      2        opt
  816    144.0   6247.56   6285.17       5127.607       -764.933        120.295        -61.602      2        opt
  822    205.0   6456.39   6496.91       4351.922       1407.894       2327.718       -1051.31      1        low
  825    106.0   6707.83   6698.67       4472.014      -1335.788       -217.032       -782.298      2        opt
  826     84.0   6707.83   6721.85       4778.783        639.398        190.792         92.306      2        opt
  827     55.0   6707.83   6741.63       5131.792        761.254        267.647         125.59      2        opt
  829     68.0   6707.83   6661.08       4801.066      -1346.574        625.306       -256.769      2        opt
  831    132.0   5052.15    4997.1       5693.287        892.213         96.504         31.378      2        opt
  832    178.0   5052.15   5016.17       6140.599       1364.186        187.877        -95.443      2        opt
  833    183.0   5052.15   5039.96        6278.47       1393.264        156.989       -137.934      2        opt
  834     88.0   5052.15   5064.06       5072.276       -758.855        139.927       -107.771      2        opt
  835    139.0   5052.15   5071.49       5656.851       -996.582        171.457        -63.928      2        opt
  836    135.0   5052.15   5113.44       5630.905       -972.724        164.814        -68.637      2        opt
  840    208.0   5052.15   5010.94       6042.991       1692.297        170.078        -88.647      2        low
  841    280.0   5052.15   5087.43       6239.278      -2393.769        960.212       -244.454      2        low
  846    290.0   5380.32   5418.77       6786.488      -2970.433       2095.099      -1184.895      2        low
  848    166.0   5380.32   5399.47       6150.363      -1469.306        260.352        -51.973      2        opt
  849    140.0   5380.32   5413.67       5774.247      -1218.036        225.309       -116.305      2        opt
  850    160.0   5380.32   5342.71       6022.697       1423.573        157.601         91.786      2        opt
  851    137.0   5380.32   5352.05       5832.432       1239.521         93.372        136.817      2        opt
  852    102.0   5380.32    5359.2       5347.347       1238.469        -79.689        229.514      2        opt
  853    118.0   5380.32   5392.33       5428.853      -1369.547        -81.989        -236.63      2        opt
  854    185.0   5380.32   5435.86       6284.763      -1324.904         79.572         -39.33      2        opt
  855    180.0   5380.32   5402.78       5372.015      -2093.834        648.186        289.692      2        opt
  856    195.0   6587.62    6604.6       6603.566      -2085.014        390.777        -85.717      2        opt
  857     64.0   6587.62   6599.12       5631.295       -679.878         65.087        -67.579      2        opt
  858    128.0   6587.62    6598.6       6057.302      -1318.828        124.986       -148.726      2        opt
  859    129.0   6587.62   6635.13       6032.707       -1340.02        124.337       -156.799      2        opt
  860    119.0   6158.17   6154.23       6873.245       1384.163         95.822        -26.313      2        opt
  861    141.0   6158.17   6160.75        7200.09      -1478.045          8.426         64.399      2        opt
  875     77.0   6158.17   6216.35       6449.525       -795.253         30.401         -72.86      2        opt
  876     46.0   6158.17   6224.51       5815.714       -600.808         31.396        -47.372      2        opt
  877    142.0   6158.17   6108.12       7039.706       1103.564        -11.583         54.703      2        opt
  939    124.0    5621.6   5670.85       6325.705      -2275.438        1029.94       -311.323      2        opt
  946    131.0   5645.61   5670.85       5294.967      -1462.727        554.913       -105.044      2        opt
  954    169.0   5684.49   5670.85       4937.915       1310.989         462.25          2.413      2        opt
  956    156.0   5684.49   5727.05       5312.259      -1783.949        746.936        -60.621      2        opt
  972    132.0   5701.11   5670.85       5262.207       1439.273        542.858         99.023      2        opt
  973    126.0   5701.11   5703.59       5562.511      -1856.349        787.004       -129.642      2        opt
  974    129.0   5701.11   5727.05       5796.325      -2216.829       1021.511       -173.234      2        opt
  975    126.0   5701.11   5737.07       5036.916      -1131.726        365.616        -82.977      2        opt
  985    135.0   5772.15   5727.05       5474.859       1878.494        790.854         87.476      2        opt
  989    129.0   5797.87   5866.45       4323.405         1929.5       -439.231         42.655      1        opt
  990    133.0   5797.87   5737.07       4961.663       1110.953        349.476         57.507      2        opt
  992    133.0   5797.87    5847.0       5040.486      -2124.473        734.857        424.502      2        opt
  993    144.0   5797.87   5748.36       5213.494       2301.137        745.719       -464.137      2        opt
 1013    144.0   6142.49   6156.02       4898.945      -1071.777        969.939       -649.754      2        opt
 1017    115.0   6142.49   6091.18        5200.27       1324.724        847.546        401.554      2        opt
 1021    111.0   6142.49   6111.65       5202.601       1089.526        333.959        106.055      2        opt
 1027    161.0   6145.02   6156.02       4819.927       -981.306        841.095       -594.608      2        opt
 1035    115.0   6145.02   6111.65       5119.421       1063.848        321.983         87.414      2        opt
 1036    111.0   6145.02   6135.36       5059.854        997.896        289.932         88.233      2        opt
 1041     88.0   6195.46   6156.02       5291.331       1555.238       1496.687        799.156      2        opt
 1058    138.0   6237.33   6258.11       4356.156       1423.269       -238.507         16.415      1        opt
 1059    139.0   6237.33    6261.1       4362.169       1344.166       -218.843         14.495      1        opt
 1064    125.0   6237.33   6285.17       4898.596       -948.071        211.792         14.434      2        opt
 1071    123.0   6243.82   6251.83       5186.327      -1093.482        245.106        -12.458      2        opt
 1073    116.0   6243.82   6285.17       5054.839       -956.518        198.247        -19.313      2        opt
 1077    134.0   6244.48    6261.1       4417.935       1730.088       -354.038         30.705      1        opt
 1080    124.0   6244.48   6251.83       5169.458      -1090.927        245.243         -9.406      2        opt
 1082    117.0   6244.48   6285.17       5039.433       -955.815        199.282        -15.604      2        opt
 1114    178.0   4562.63    4588.2       4874.483       1099.637        163.906       -115.726      2        opt
 1115    153.0   4562.63   4592.05       5111.096       1019.217        117.176        -42.695      2        opt
 1117    149.0   4562.63   4512.99       5353.376      -1672.039        367.665        135.861      2        opt
 1121    202.0   4656.47   4592.05       6084.596      -1929.283        116.865        410.849      2        low
 1123    203.0    4997.1   4936.34        5078.46      -3773.801      -2708.003      -1899.718      2        low
 1124    148.0    4997.1   4946.04       4102.849       2564.975       -859.529        113.444      1        opt
 1125    135.0    4997.1   4952.29       4032.815       2202.584       -635.827         72.024      1        opt
 1127    160.0    4997.1   5010.94        5231.79       2032.071        560.531        -272.79      2        opt
 1135    176.0    5219.7   5218.21       5104.514       -1830.74        467.706        231.833      2        opt
 1136    167.0    5219.7   5220.09       4175.247       3432.438        -1620.2        312.553      0        opt
 1137    131.0   5866.45   5805.22       4023.465       2408.638       -473.794         36.412      1        opt
 1138    117.0   6064.63   5996.73       5179.355      -1373.965        585.495       -179.908      2        opt
 1139    162.0   6064.63   6086.29       4758.445       1179.882        382.458         29.892      2        opt
 1141    109.0   6064.63   6119.76       5578.309        1719.05        850.258        300.918      2        opt
 1142    118.0   6064.63   6130.14       5134.716       1331.691        551.026        162.908      2        opt
 1143    161.0   6126.22   6086.29        5132.21      -1716.879        748.807        -80.345      2        opt
 1144    137.0   6126.22   6111.08       5317.031      -1939.061        968.358       -186.734      2        opt
 1146    120.0   6126.22   6130.14       5746.112       2351.116       1244.796        290.175      2        opt
 1147    188.0   6126.22   6175.37        5026.88       1679.454        705.229         60.993      2        opt
 1148    240.0   6126.22   6176.82       4823.197       1593.479        539.905         -8.033      2        low
 1150    204.0   6599.12   6661.08       3890.928       2269.485        -751.22         95.894      0        low
 1158    173.0   5670.85   5694.99       5009.373       1724.906        708.809         -9.683      2        opt
 1160    185.0   5703.59   5643.08       6824.123      -4256.564        2659.04       -678.217      2        opt
 1162    153.0   5703.59   5694.99       5321.527      -2231.734       1057.833          -58.6      2        opt
 1164    138.0   5727.05   5694.99       3943.683        2060.64        -480.76         51.223      1        opt
 1167    163.0   5737.07   5805.22       4828.229       1349.112        478.242         13.507      2        opt
 1169    167.0   6039.73   6086.29       4871.758       1394.998        500.514           6.74      2        opt
 1170    168.0   6081.45   6086.29       4917.226       1456.809        533.795          3.642      2        opt
 1173    125.0   6081.45   6130.14       5395.673       1769.023        794.803        176.552      2        opt
 1175    125.0   6090.21   6111.08       4023.316       2150.628       -552.155         65.427      0        opt
 1176    205.0   6090.21   6119.76       7727.386       5709.853       3695.098        955.631      2        low
 1177    146.0   6090.21   6130.14       4125.101        3085.58      -1074.239        181.206      0        opt
 1178    166.0   6111.65   6086.29       4850.686      -1357.407        471.504         -4.868      2        opt
 1180    120.0   6111.65   6119.76       5835.911       2128.203       1062.578        323.862      2        opt
 1185    147.0   6135.36   6111.08       4917.551      -1353.474        481.438        -44.656      2        opt
 1186    114.0   6135.36   6119.76       5682.664      -1890.445        929.678       -311.275      2        opt
 1187    120.0   6135.36   6130.14        5194.94      -1446.431        602.802       -164.795      2        opt
 1190    137.0   6135.36   6186.72       4990.812       1371.263        512.734         81.396      2        opt
 1207    132.0   6251.83    6230.1       5529.922      -1684.169         456.48          6.441      2        opt
 1209    122.0   6274.66    6230.1       5242.403       -1312.83        330.845        -18.907      2        opt
 1215    214.0   4600.75   4592.05       4677.887       2329.886       -567.932         44.162      1        low
 1216    234.0   4626.18    4588.2       6073.699      -2863.464        311.097       1540.734      2        low
 1217    213.0   4626.18   4592.05       4682.443       2349.005       -576.409         45.085      1        low
 1222    151.0   6330.13   6322.17        6183.72      -2893.882       1276.244       -175.638      2        opt
 1223    150.0   6330.13   6360.81       6175.436       2868.329        1258.99        173.372      2        opt
 1224    131.0   6330.13   6378.26       5550.676       2260.393         870.92         -9.125      2        opt
