 pair   stddev     line1     line2             C0             C1             C2             C3   flag   stdlevel
    1    279.0   5247.06   5187.91       8343.995       -3205.55        792.459        -63.467      0        low
    2    276.0   5247.06   5195.48       7720.919       -3323.79        -662.57        792.436      0        low
    3    254.0   5247.06   5196.06       8099.311      -3702.173       1043.986        -88.551      0        low
    7    272.0   5247.06   5228.38       8286.118       -3234.87        818.037        -66.956      0        low
    9    271.0   5247.06    5242.5       7701.745      -2225.208      -1763.222       1044.039      0        low
   10    267.0   5247.06   5243.78       8244.666      -3320.471        867.257         -73.24      0        low
   11    258.0   5247.06   5253.47        7778.46      -1855.436      -1840.323        931.992      1        low
   13    269.0   5247.06   5288.53       8498.534      -3299.621        734.077          -45.3      1        low
   17    223.0   5247.06   5197.57       5524.156      -1842.398        180.702        310.903      2        low
   18    225.0   5247.06   5234.63       5484.285      -1857.388        197.018        322.128      2        low
   19    182.0   5247.06   5264.81        6018.91       1653.982         77.659        -192.32      2        opt
   22    230.0   5247.06   5218.21       3494.755       3528.712      -1106.091        120.559      1        low
   24    108.0   5855.08   5853.15       4700.703       2180.753         834.82       -956.064      2        opt
   25    294.0   5855.08   5866.45       4146.104        3717.22        -16.609       -468.045      1        low
   27    264.0   6056.01   6120.25       3201.178      -3671.748      -2509.743      -1046.879      2        low
   28    314.0   6056.01   6052.67       7866.236       -2503.73        347.272         28.745      2        low
   29    229.0   6056.01   6064.63       4328.557       -1343.78         39.753       -123.807      2        low
   30    241.0   6056.01   6039.73       4392.201        1508.79        217.963         47.065      2        low
   31    243.0   6056.01   6081.45       4428.715      -1538.927        305.655          2.257      2        low
   32    248.0   6056.01   6090.21       4774.393      -2054.693        923.014        376.057      2        low
   33    238.0   6056.01   6111.65        4377.08      -1492.756        167.289        -63.127      2        low
   36    167.0   6200.32   6158.17       7237.305      -1247.675          -5.48         -22.69      2        opt
   40    289.0   6200.32   6237.33       4107.682       2213.208        128.669       -153.075      0        low
   43    140.0   6733.15   6710.32       5151.154       2528.214        576.779       -1039.63      2        opt
   44    121.0   6733.15   6739.52       4874.266      -2336.814        747.255         945.69      2        opt
   45    127.0   6733.15   6707.83       4662.201        759.986        343.288        323.691      2        opt
   46    128.0   6733.15   6757.17       6172.589       1474.611        449.025        262.882      2        opt
   49    190.0   6750.16   6757.17       6945.755       1741.105        414.882        112.559      2        opt
   50    181.0    4523.4   4562.63       4662.415      -1736.696          197.1        132.507      2        opt
   51    238.0   4531.62   4562.63       4134.603      -3514.723      -3309.633       -1650.96      2        low
   52    148.0   4537.67   4562.63       5298.531       -2243.12        592.209         456.96      2        opt
   54    146.0   4551.65   4562.63       4968.203      -1774.201        465.563        392.696      2        opt
   55    147.0   4556.93   4562.63       4979.196      -1969.483        561.901        437.568      2        opt
   56    194.0   4566.52   4562.63       4618.565        1942.32       -559.205        464.047      2        opt
   57    183.0   4574.22   4562.63       4689.951       1855.773       -172.384        250.114      2        opt
   59    145.0   4593.53   4562.63       4966.332       1766.686        463.107       -385.918      2        opt
   61    156.0   4596.41   4562.63       4838.991       1758.396        477.385       -363.386      2        opt
   66    266.0   4607.65   4562.63       3905.737       2913.929      -1760.265        705.071      2        low
   67    273.0   4607.65   4656.47       8062.403      -2812.365      -1494.764        1179.25      0        low
   68    291.0   4607.65   4626.18       5910.029      10980.946     -18441.214       7094.944      0        low
   69    311.0   4625.05   4562.63       3269.935       4877.514       -3804.18       1361.913      2        low
   71    182.0   4631.49   4562.63        5682.14       1873.679        314.207       -179.926      2        opt
   80    176.0   4661.54   4675.11       3784.476       2329.519       -494.818          44.38      1        opt
   81    154.0   4661.54   4722.61       4954.338      -2053.366        964.618        268.678      2        opt
   87    217.0   4690.14   4656.47        6141.15        5659.33        -21.439      -9883.433      2        low
   89    168.0   4749.95   4743.82        3888.73        775.675        -108.35          6.487      0        opt
   90    148.0   4749.95   4722.61       5023.404       2106.056        955.382       -246.353      2        opt
   93    108.0   4802.52   4743.82       4014.699       1472.891       -368.503         47.265      0        opt
   97    176.0   4952.65    4997.1       5026.988      -2161.788        617.462        515.423      2        opt
   98    216.0   4952.65   5016.17       6143.101      -5478.669        663.398       6758.697      2        low
   99    191.0   4952.65   4964.93       5044.887      -2940.558       1325.956       1184.446      2        opt
  101    162.0   4961.92    4997.1       3783.621       2987.038       -998.476        136.841      1        opt
  103    176.0   4962.58    4997.1       5031.055      -2169.758         612.55        513.157      2        opt
  104    214.0   4962.58   5016.17       6159.712      -5542.382        606.803       6993.779      2        low
  105    192.0   4962.58   4964.93       5050.197      -2953.537       1325.395       1182.297      2        opt
  108    261.0    4967.9    4997.1        4606.56      -2285.569       -102.977         34.035      2        low
  109    282.0    4967.9   5016.17        8620.72      -5272.914       1797.466        -121.25      0        low
  110    314.0    4967.9   4964.93       4505.678       2976.508       -107.159        -57.312      2        low
  113    215.0    4993.7   5052.15         6210.7       1757.201        237.424         -68.25      2        low
  114    184.0    4993.7    4997.1       4987.732      -2137.267        608.207        496.854      2        opt
  115    203.0    4993.7   5016.17       6013.365      -5419.643        887.145       7153.274      2        low
  116    276.0    4993.7   5039.96       6530.781      -5239.048        -977.46       8729.469      2        low
  117    202.0    4993.7   4964.93       4991.414         2866.9       1312.443       -1128.14      2        low
  118    237.0   4994.14   5052.15       5388.339       1646.537       -367.571         27.666      0        low
  120    232.0   5044.22   5052.15       6414.138       1757.334        220.099       -116.296      2        low
  121    188.0   5054.65   5052.15       5872.302      -1437.027        186.373          -3.11      2        opt
  122    137.0   5054.65    4997.1       5345.982       2645.955        682.752       -767.533      2        opt
  128    237.0   5067.15   5052.15       6467.209      -1943.452        461.556        -37.888      2        low
  129    232.0   5067.15   5016.17        9037.73      -5657.329       2224.931       -282.478      1        low
  130    216.0   5067.15   5039.96       8716.385      -3304.047        245.463         188.76      1        low
  133    306.0   5068.77   5052.15       7150.058      -2620.968       1817.656       -611.187      2        low
  137    227.0   5072.68   5052.15       6357.763      -1859.794        310.624         37.692      2        low
  138    201.0   5072.68   5016.17       9344.605      -5565.875       2053.715       -244.811      1        low
  139    226.0   5072.68   5039.96       6107.007       5099.985        317.409      -7660.773      2        low
  143    319.0   5074.76   5107.45        5715.09      12119.956     -20447.161       8098.179      0        low
  144    306.0   5074.76   5127.36       6641.705        7975.96     -16082.281       6678.126      0        low
  145    284.0   5074.76   5052.15       7088.184       -2717.15       1876.861       -646.744      2        low
  153    242.0   5083.34   5052.15       5421.317       1735.817       -405.534         32.106      1        low
  157    191.0   5088.15   5052.15        5857.72      -1504.918        210.575          0.179      2        opt
  164    249.0   5090.78   5052.15       6745.314      -2313.022       1278.952       -409.104      2        low
  165    256.0   5090.78   5039.96       8112.815      -2371.513      -1820.446       1214.744      1        low
  170    234.0   5107.45   5052.15       5381.407       1625.658       -358.664         26.618      1        low
  171    245.0   5107.65   5052.15       6787.885      -1929.154        726.126        -98.642      2        low
  174    240.0   5109.65   5052.15       6524.119      -2001.345        602.845       -110.205      2        low
  175    221.0   5109.65   5039.96       8596.937      -3289.431        142.675        252.759      1        low
  182    313.0   5127.36   5195.48         6397.2       8300.781      -13755.63       5018.381      1        low
  191    262.0   5159.06   5225.53       8359.348      -3550.755        938.478        -78.798      0        low
  192    223.0   5159.06    5219.7       4737.728      -1961.052        391.568         284.02      2        low
  196    186.0   5180.06   5113.44        3734.55        1454.18       -251.866         19.523      0        opt
  197    168.0   5180.06   5145.47       5255.885       3075.068       1806.382       -338.083      2        opt
  198    150.0   5180.06    5219.7       5138.748      -2024.847         539.92         412.31      2        opt
  201    301.0   5187.91   5225.53       3003.257       4470.244      -1535.108        183.152      1        low
  202    285.0   5187.91   5250.21       8434.145      -3190.673        772.264        -60.727      0        low
  203    188.0   5187.91    5219.7       4922.858      -2007.514        517.159        374.168      2        opt
  206    269.0   5195.48   5225.53       7857.979      -3014.086       -879.818        768.458      0        low
  207    274.0   5195.48   5250.21       7766.269      -3213.004       -771.818        804.892      0        low
  208    298.0   5195.48    5219.7       4327.112      -2496.223       -667.974       -241.119      2        low
  209    295.0   5195.48   5247.57       7444.128       3579.701     -11148.257       5131.703      0        low
  211    257.0   5196.06   5225.53       8327.126      -3604.006        952.845        -77.762      0        low
  212    254.0   5196.06   5250.21       8172.042      -3670.166       1010.988        -84.141      0        low
  213    229.0   5196.06    5219.7       4709.748      -1982.142        314.961        236.271      2        low
  214    284.0   5196.06   5247.57       6392.326      -8041.091      -1281.485      30851.463      2        low
  218    137.0   5197.94    5219.7       5441.948      -2244.494        465.194        436.956      2        opt
  226    133.0   5223.19    5219.7       3793.723       2491.796       -753.336         91.144      0        opt
  227    292.0   5225.53   5228.38       3071.137       4167.723      -1352.461        151.281      0        low
  229    260.0   5225.53    5242.5       7835.987      -1875.564      -1971.118       1018.376      1        low
  230    284.0   5225.53   5243.78       3094.841        3915.24      -1197.303        125.258      0        low
  231    245.0   5225.53   5253.47       7903.007      -1356.866      -2199.388        963.594      1        low
  233    301.0   5225.53   5288.53       2433.004       5647.081      -2183.701        296.363      0        low
  237    225.0   5225.53   5197.57       5623.099       -1958.89        159.381        366.265      2        low
  238    227.0   5225.53   5234.63        5581.52       1975.425         177.04       -377.438      2        low
  239    183.0   5225.53   5264.81       6139.475       1769.082         47.986       -258.221      2        opt
  242    251.0   5225.53   5218.21       3434.171       4221.487      -1524.193        197.367      1        low
  244    278.0   5228.38   5250.21       8369.977      -3211.537        792.698        -63.392      0        low
  245    191.0   5228.38    5219.7       4900.812       1975.925         519.38       -370.995      2        opt
  251    268.0    5242.5   5250.21       7746.771      -2109.368      -1853.974       1048.035      0        low
  252    287.0    5242.5    5219.7       4408.255       3011.609      -1631.441         750.85      2        low
  253    271.0   5243.78   5250.21       8325.848      -3295.341        839.928        -69.283      0        low
  254    197.0   5243.78    5219.7       4866.327       1956.568        513.159       -363.083      2        opt
  257    194.0   5243.78   5300.75       5555.525      -4484.704       1313.135       3796.514      2        opt
  259    255.0   5250.21   5253.47       7823.245      -1703.412      -1967.608        950.369      1        low
  261    277.0   5250.21   5288.53       8613.882      -3319.885        734.173        -46.487      1        low
  265    225.0   5250.21   5197.57       5555.374      -1878.851        174.647        326.978      2        low
  266    227.0   5250.21   5234.63       5515.037      -1894.798         191.63        338.354      2        low
  267    183.0   5250.21   5264.81       6056.617       1690.811         70.989       -210.729      2        opt
  270    234.0   5250.21   5218.21       3464.108        3766.64      -1244.036        144.387      1        low
  272    273.0   5253.47    5219.7       4516.439       3083.532       -1976.64       1063.904      2        low
  274    200.0   5288.53    5219.7       4904.161       2114.481        309.449       -174.608      2        opt
  281    183.0   5361.62   5380.32       6300.443       1620.514        253.882         43.149      2        opt
  283    256.0   5361.62   5300.75       3789.012       2741.143        156.331       -260.454      0        low
  284    219.0   5373.71   5380.32       6653.294       1875.514        439.095        103.187      2        low
  285    126.0   5376.83   5380.32       5581.272       1188.939         93.872        187.063      2        opt
  286    225.0   5379.58   5427.81       7748.052       1698.895       -392.579       -228.697      2        low
  287    212.0   5379.58   5380.32       6566.259       1691.931        274.407         42.368      2        low
  288    159.0   5386.34   5380.32       6021.382      -1400.368        199.969        -86.972      2        opt
  289    274.0   5389.48   5380.32       7027.963      -2324.843       1102.205       -363.382      2        low
  290    143.0   5395.22   5380.32        5737.37      -1291.595        160.296       -150.992      2        opt
  291    246.0   5398.28   5380.32       6834.698      -2062.595        690.371        -208.69      2        low
  292    150.0   5401.27   5380.32       5866.393      -1336.947        184.383       -121.373      2        opt
  293    168.0   5406.78   5380.32       6109.524      -1493.626         225.15        -68.316      2        opt
  294    203.0   5409.14   5380.32       6514.515      -1754.073        319.326        -53.487      2        low
  295    167.0   5417.04   5380.32       6092.658      -1490.746        226.794        -71.981      2        opt
  296    238.0   5432.95   5380.32       6786.985      -2006.501        605.372       -173.666      2        low
  297    175.0    5436.3   5380.32       6207.498      -1556.176        237.527        -54.582      2        opt
  298    138.0   5436.59   5427.81       6963.513      -1326.782         38.249        -46.488      2        opt
  299    160.0   5436.59   5380.32       6131.333      -1184.062         98.694        -70.852      2        opt
  300    162.0   5441.34   5380.32       6030.963      -1434.478        209.534        -83.584      2        opt
  301    151.0   5466.99   5427.81       7001.453      -1581.699         45.307         26.431      2        opt
  302     89.0   5577.03    5520.5       5237.569       1888.027       1445.177        621.943      2        opt
  307    208.0   5618.64   5670.85       4742.204      -1876.498        721.633        108.791      2        low
  308    144.0    5619.6   5670.85       5077.525      -2115.061        925.115        179.132      2        opt
  309    246.0   5633.95   5671.82       4495.601      -1317.699        669.114        -76.716      2        low
  313    212.0   5633.95   5670.85       4580.926      -1582.228        801.653         258.47      2        low
  314    203.0   5633.95   5703.59       4820.681      -1977.822        966.288        365.705      2        low
  317    147.0   5635.83   5670.85       5059.723      -2146.327        979.017        166.481      2        opt
  318    132.0   5635.83   5703.59       3762.679        2214.45       -525.166         55.008      1        opt
  319    295.0   5638.27   5670.85       4316.295      -2378.261       -771.114       -544.412      2        low
  320    301.0   5638.27   5703.59        4574.77      -2350.557         160.71        -58.512      2        low
  321    261.0   5641.44   5670.85       4511.578      -1942.434        102.585       -165.887      2        low
  322    255.0   5641.44   5703.59       4750.991      -2204.853        761.492        239.274      2        low
  324    135.0   5649.99   5671.82       4930.648       -1631.31        935.144       -166.708      2        opt
  328    139.0   5649.99   5670.85       5121.815      -1890.578        713.371        148.162      2        opt
  329    149.0   5649.99   5703.59       4014.322       1828.201       -389.693          32.53      1        opt
  331    110.0   5651.47   5671.82        3989.22       1892.136       -471.253         71.337      1        opt
  332    146.0   5651.47   5670.85       3961.347       2476.053       -782.997        110.932      1        opt
  333    204.0   5651.47   5703.59       3981.525       3497.937      -1102.888        148.321      1        low
  334    130.0   5652.32   5670.85       5352.303      -2467.505       1098.457        105.695      2        opt
  335    152.0   5652.32   5703.59       3844.792       2721.779       -694.632         79.205      1        opt
  336    149.0   5653.87   5670.85        5033.51      -2065.803        913.264        176.912      2        opt
  337    134.0   5653.87   5703.59       3796.553       2084.148       -478.722         47.009      1        opt
  338    133.0   5661.35   5670.85       3897.518       2132.195       -579.372         71.859      1        opt
  339    175.0   5661.35   5703.59       3896.206       3006.307       -769.536         81.025      1        opt
  340    239.0   5661.35   5727.05       3975.886       3224.863         -53.95       -284.994      1        low
  344    216.0   5667.52   5670.85       4709.455      -1865.622        649.979         62.314      2        low
  345    194.0   5667.52   5703.59       4991.206      -2392.409        1099.89        347.462      2        opt
  346    177.0   5667.52   5727.05       3597.234       2002.437       -424.858         38.408      1        opt
  347    216.0   5667.52   5737.07       4511.158      -1563.883         39.412       -282.686      2        low
  348    255.0   5679.03   5671.82       3834.127        767.609         -91.28          4.238      0        low
  352    217.0   5679.03   5670.85       4638.772       1714.131        725.931       -208.223      2        low
  353    204.0   5679.03   5703.59       4895.229      -2149.209        981.625        386.948      2        low
  354    195.0   5679.03   5727.05       5084.672       -2541.81       1140.963        592.877      2        opt
  355    213.0   5679.03   5737.07        4457.64      -1406.554        342.429        -18.249      2        low
  356    191.0   5680.24   5670.85       3994.192       3704.107      -1220.217        179.858      0        opt
  357    291.0   5680.24   5703.59       4100.772       4111.636       2024.024      -2296.309      1        low
  359    133.0   5680.24   5737.07       3999.899       2680.913      -1124.391        225.802      1        opt
  361    276.0   5715.09   5670.85       4425.784       2069.768       -192.914        281.049      2        low
  362    278.0   5715.09   5703.59       4665.022       2207.202        570.006       -154.123      2        low
  363    274.0   5715.09   5727.05       3525.821       1485.243       -234.008         13.641      1        low
  364    261.0   5715.09   5737.07       4205.036      -2147.784      -1021.522       -648.307      2        low
  365    115.0    5720.9   5671.82        4019.14       2249.576        -643.42        113.761      0        opt
  369    161.0    5720.9   5670.85       4003.151       2929.942      -1091.418         183.63      0        opt
  370    229.0    5720.9   5703.59       4045.744       4027.308      -1374.538        184.538      0        low
  371    299.0    5720.9   5727.05       4131.019       4315.033       -124.217       -668.842      1        low
  372    121.0    5720.9   5737.07         5434.2      -2021.912        856.669        -88.238      2        opt
  373    232.0   5731.77   5670.85       4640.102       1830.918        517.583        -23.119      2        low
  374    217.0   5731.77   5703.59        4897.64       2266.639        986.672       -324.177      2        low
  375    202.0   5731.77   5727.05       3599.683       1812.907       -354.633         28.076      0        low
  376    227.0   5731.77   5737.07       4448.763      -1616.329       -131.767       -330.165      2        low
  377    168.0   5738.24   5670.85       3964.766       3072.719      -1031.889        173.103      0        opt
  378    253.0   5738.24   5703.59       4042.085       3787.907         -7.781       -518.921      0        low
  380    123.0   5738.24   5737.07       5486.956       2261.899       1121.495        181.936      2        opt
  381    133.0   5741.85   5703.59       3788.937       2372.046       -583.371         64.475      0        opt
  382    162.0   5741.85   5727.05       3814.957       2741.354       -505.474          18.93      0        opt
  383    145.0   5741.85   5737.07       4831.921       1595.063        689.981          7.006      2        opt
  385    191.0   5752.04   5703.59       4977.115       2236.661       1002.106       -365.152      2        opt
  386    179.0   5752.04   5727.05        5185.26       2671.914        1171.28        -576.06      2        opt
  387    206.0   5752.04   5737.07       4512.067       1420.877        350.524         39.417      2        low
  388    214.0   5775.08   5727.05       3572.787       1778.176       -341.145         26.166      0        low
  389    234.0   5775.08   5737.07       4415.446       1706.263       -339.434        433.272      2        low
  390    249.0   5778.46   5727.05        3988.23       2971.287        632.541       -591.104      0        low
  391    122.0   5778.46   5737.07       5082.514       1851.758        884.367         76.559      2        opt
  392    151.0   5793.92   5727.05       3781.814       2658.389        -502.61         27.315      0        opt
  393    152.0   5793.92   5737.07       4793.135        1570.47         663.05         19.133      2        opt
  395    246.0   5806.73   5853.15       3482.738      -3874.672      -2702.223      -1333.441      2        low
  396    167.0   5806.73   5866.45       3733.631       2126.695       -445.943         39.003      1        opt
  397    201.0   5806.73   5737.07       4524.703       1397.107        403.894          6.989      2        low
  402    312.0   5814.81   5866.45       4114.638       3124.721       1502.578      -1157.925      1        low
  406    181.0   5852.22   5853.15       4046.898      -2477.576       -384.917       -232.457      2        opt
  407    159.0   5852.22   5866.45       3858.554       2660.457       -541.506         35.405      1        opt
  410    115.0   5853.15   5902.48       5136.525       2344.268        395.636       -882.858      2        opt
  411    259.0   5853.15   5905.68       3358.465       4140.773      -3061.689       1458.474      2        low
  412    108.0   5853.15   5797.87       4660.832      -1350.481        308.714        106.302      2        opt
  413    198.0   5856.09   5866.45       3952.242       2594.574         231.34       -274.526      1        opt
  415    313.0   5862.36   5866.45       4785.687      -2615.487       1411.059       1199.237      2        low
  420    259.0   5905.68    5956.7       8034.505      -3553.842         1024.3        -92.065      0        low
  421    182.0   5905.68   5866.45       3731.802       1983.323       -400.876         33.247      0        opt
  423    302.0   5927.79    5956.7       3516.565       3318.555       -998.633        106.185      1        low
  424    155.0   5927.79   5866.45        3856.96       2563.327       -571.475         50.619      0        opt
  425    319.0   5929.68    5956.7       3490.146       3692.344      -1225.166        145.915      1        low
  426    162.0   5929.68   5866.45       3876.092       2685.513       -527.979         28.638      0        opt
  427    272.0   5930.19    5956.7       7814.139      -4937.526       1839.706       -163.212      0        low
  428    307.0   5930.19   5866.45       4791.712       2563.674       1410.052      -1154.355      2        low
  429    276.0   5934.66    5956.7       7760.117      -3336.362       -400.851        616.395      0        low
  430    250.0    5956.7   5983.69       8014.132      -4187.836       1440.198       -158.661      1        low
  431    262.0    5956.7   5984.82       7877.123      -4932.413       2017.127       -260.393      1        low
  432    255.0    5956.7   5987.07       7936.589      -4183.518       1467.026       -162.797      1        low
  433    319.0    5956.7   6024.06       7623.429      -4967.025        770.324        671.742      1        low
  434    199.0    5956.7   5948.54       5147.636        -2212.3        598.014         565.21      2        opt
  436    283.0   5983.69   6052.67       7740.755       2718.032        841.766        187.924      2        low
  437    238.0   5983.69   6039.73       4431.957       -1577.04        115.113       -127.045      2        low
  439    265.0   5984.82   6039.73       4258.035      -1660.199        -65.151       -158.259      2        low
  441    302.0   5987.07   6052.67       7841.772       2647.761         572.84          57.58      2        low
  442    232.0   5987.07   6039.73       4424.711      -1447.658        346.145         12.693      2        low
  444     91.0   6005.55   6052.67       6193.115       1038.445        150.283        170.979      2        opt
  446    310.0   6024.06   6064.63       3874.076      -1592.439       -403.381       -309.584      2        low
  450    251.0   6027.06   6052.67       7546.042       2609.349        1026.25        316.126      2        low
  451    242.0   6027.06   6064.63       4333.877      -1781.717       -844.432       -651.727      2        low
  452    252.0   6027.06   6039.73       4410.755      -1954.174       -701.181       -634.962      2        low
  453    254.0   6027.06   6081.45       4456.598      -1940.616       -527.987       -550.555      2        low
  454    253.0   6027.06   6090.21       3597.171       1437.468       -237.161         14.844      1        low
  455     83.0   6034.04   6052.67       5811.405       1108.845        137.516         290.29      2        opt
  456    116.0   6034.04   6064.63       5702.217      -2289.412       1174.456       -291.147      2        opt
  457    146.0   6034.04   6039.73       4012.525       3484.597      -1763.555        428.577      1        opt
  458    156.0   6034.04   6081.45       4008.439       3757.747      -1922.025        480.055      1        opt
  459    308.0   6034.04   6090.21       9200.958      -9866.999       7408.161      -2053.662      2        low
  460     76.0   6035.34   6052.67       5667.319       1075.194         52.896        264.374      2        opt
  461    122.0   6035.34   6064.63       6031.877      -2703.139       1393.946       -342.862      2        opt
  462    156.0   6035.34   6039.73       3985.053        4663.29      -3026.891        976.061      1        opt
  463    168.0   6035.34   6081.45        3980.46        5009.73      -3240.523       1061.203      1        opt
  465    109.0   6054.08   6120.25       5302.163      -2058.582         45.113        667.716      2        opt
  466     85.0   6054.08   6052.67       5823.257      -1122.136        149.305       -300.623      2        opt
  467    115.0   6054.08   6064.63       5681.086      -2223.683       1110.664       -270.059      2        opt
  468    144.0   6054.08   6039.73       6116.539       2947.979       1425.239         256.47      2        opt
  469    154.0   6054.08   6081.45       4016.404       3697.308      -1894.812        462.425      1        opt
  470    299.0   6054.08   6090.21       8894.297      -8933.716       6479.964      -1754.293      2        low
  471    138.0   6054.08   6111.65       6027.821      -2778.187       1310.712       -232.986      2        opt
  474    274.0   6078.49   6120.25       3136.975      -3580.639      -2318.525       -940.584      2        low
  476    236.0   6078.49   6064.63        4275.68       1356.468          3.726        130.679      2        low
  477    262.0   6078.49   6126.22       4560.289      -1634.383        574.547        107.688      2        low
  478    249.0   6078.49   6039.73       4335.027       1519.784        175.622         53.472      2        low
  479    252.0   6078.49   6081.45       4371.629      -1543.729         264.13         -5.165      2        low
  480    263.0   6078.49   6090.21       4706.041      -2001.484        903.589        370.067      2        low
  481    247.0   6078.49   6111.65       4319.779       -1505.63        131.372        -64.259      2        low
  482    242.0   6078.49   6135.36       4266.481      -1499.719        -57.306       -161.737      2        low
  486    175.0   6079.01   6120.25       4008.514      -1987.202       -302.904       -197.356      2        opt
  487    184.0   6079.01   6052.67       7086.254      -2318.895       1050.632       -404.684      2        opt
  488    170.0   6079.01   6064.63       4615.924       1246.024         426.24         23.108      2        opt
  489    162.0   6079.01   6126.22       4993.054      -1871.647        814.384         85.651      2        opt
  490    172.0   6079.01   6039.73       4718.123       1500.177        594.909        -74.346      2        opt
  491    172.0   6079.01   6081.45       4763.913      -1575.327          635.3         100.79      2        opt
  492    148.0   6079.01   6090.21       5274.134      -2488.136       1026.681        311.704      2        opt
  493    172.0   6079.01   6111.65       4697.988      -1457.169        558.571         63.495      2        opt
  494    172.0   6079.01   6135.36       4636.407      -1354.333        480.158           14.2      2        opt
  496    175.0   6082.72   6125.02       5834.688       2217.745        690.409         -6.798      2        opt
  497    172.0   6082.72   6142.49        5786.82       2189.136        680.192        -19.632      2        opt
  498    164.0   6082.72   6145.02       5625.473       2119.797        661.687        -71.724      2        opt
  499    109.0   6082.72   6052.67       6411.248      -1123.254          176.2       -157.092      2        opt
  500    137.0   6089.57   6120.25       4252.694      -1687.668        483.498        297.411      2        opt
  501    123.0   6089.57   6158.17       6825.854       1314.635         80.015         25.011      2        opt
  502    148.0   6089.57   6052.67       6738.939      -1900.818        777.618       -359.721      2        opt
  503    143.0   6089.57   6064.63       4760.129       1317.624        514.799         31.303      2        opt
  504    130.0   6089.57   6126.22       5233.819      -2121.934        920.822         45.352      2        opt
  505    142.0   6089.57   6039.73       4898.183       1613.878        666.986        -41.572      2        opt
  506    142.0   6089.57   6081.45       4955.006       1705.461        704.415        -61.498      2        opt
  507    130.0   6089.57   6090.21       3874.043       2233.204       -545.415         56.528      1        opt
  508    143.0   6089.57   6111.65       4872.066      -1559.853        630.669         36.192      2        opt
  509    143.0   6089.57   6135.36       4795.972      -1436.923        567.166          5.858      2        opt
  511     93.0   6094.38   6120.25       4722.833      -1797.713        538.469        627.183      2        opt
  512    100.0   6094.38   6158.17       6471.152       1181.205        109.581         76.106      2        opt
  513    114.0   6094.38   6052.67       6272.369      -1461.452        485.587       -345.512      2        opt
  514    109.0   6094.38   6064.63        5111.36       1540.841        644.062         91.473      2        opt
  515    132.0   6094.38   6126.22       4031.914       2535.893       -821.448        116.475      1        opt
  516    119.0   6094.38   6039.73       5338.927       1948.395        780.386         22.737      2        opt
  517    123.0   6094.38   6081.45       5424.195       2075.341          813.0          2.165      2        opt
  518    193.0   6094.38   6090.21       4016.992       3520.346      -1231.781        191.842      0        opt
  519    117.0   6094.38   6111.65       5295.839       -1868.43        737.831        -23.206      2        opt
  520    113.0   6094.38   6135.36       5182.583      -1692.721        680.916        -51.711      2        opt
  522    184.0   6096.67   6120.25       3910.071      -2882.657      -1711.653      -1009.257      2        opt
  523    118.0   6096.67   6158.17       6805.323       1232.015         68.754         42.069      2        opt
  524    142.0   6096.67   6052.67         6719.0       -1718.93        586.626       -279.276      2        opt
  526     93.0   6098.25   6120.25       4855.371      -1881.824        426.575        647.829      2        opt
  527     93.0   6098.25   6158.17       6361.994       1125.763        102.349         89.496      2        opt
  528    105.0   6098.25   6052.67       6145.036      -1340.695         384.66       -332.899      2        opt
  529    108.0   6098.25   6064.63       5225.894       1662.892        730.826        132.042      2        opt
  530    146.0   6098.25   6126.22       4037.496       2990.397      -1107.405        188.287      1        opt
  531    122.0   6098.25   6039.73       5492.223       2126.049        890.683          69.17      2        opt
  532    128.0   6098.25   6081.45       5591.118       2270.755        931.743         50.729      2        opt
  533    220.0   6098.25   6090.21       4048.393       3961.881      -1305.704        168.395      0        low
  534    119.0   6098.25   6111.65        5441.17      -2030.397        839.711        -69.012      2        opt
  535    113.0   6098.25   6135.36       5310.632      -1831.661        769.416        -91.338      2        opt
  537    225.0   6120.25   6127.91       3601.708       3480.775       -2611.29       1332.369      2        low
  538    287.0   6120.25   6157.73       3269.888       3811.507      -2828.438       1289.937      2        low
  539    102.0   6120.25   6159.38       5118.426       1903.677        189.356       -542.812      2        opt
  540    204.0   6120.25   6165.36       3766.442       3106.264      -2102.404        1140.15      2        low
  541    238.0   6120.25   6187.99       3529.851       3751.928      -2994.549       1530.872      2        low
  542     40.0   6120.25   6158.17       5809.408        622.379        -17.088         72.635      2        opt
  543     81.0   6120.25   6125.02       4901.675        1090.14        120.542        -17.712      2        opt
  544     81.0   6120.25   6142.49       4877.149       1087.708        129.375        -24.402      2        opt
  545     83.0   6120.25   6145.02       4787.737       1082.164        164.403         -46.65      2        opt
  546     48.0   6120.25   6052.67         5636.0       -693.411        -20.938        -88.359      2        opt
  547    141.0   6120.25   6086.29       4319.407      -1561.232         34.618        -34.165      2        opt
  548    117.0   6120.25   6111.08       4470.876      -1559.163        229.152        121.501      2        opt
  549     87.0   6120.25   6119.76       5300.457      -1565.552          99.71         77.438      2        opt
  550     86.0   6120.25   6130.14       4830.307       1531.439        251.978       -212.396      2        opt
  551    167.0   6120.25   6175.37       4143.616       2021.643       -857.371        524.031      2        opt
  552    218.0   6120.25   6176.82       3653.678       3271.319      -2558.074       1195.357      2        low
  553    105.0   6120.25   6186.72       4568.577        1541.23        296.229       -188.729      2        opt
  554    141.0   6127.91   6158.17       7033.542       1335.898         43.419         14.196      2        opt
  555    201.0   6127.91   6064.63       4548.563       1337.946         98.668        280.126      2        low
  556    195.0   6127.91   6126.22       4898.348       1915.202         836.49         10.661      2        opt
  557    203.0   6127.91   6081.45       4681.005       1638.311        459.902         88.847      2        low
  558    170.0   6127.91   6090.21       3700.286       1778.925       -363.212         31.623      0        opt
  559    203.0   6127.91   6111.65       4620.017       1536.461        299.067        171.857      2        low
  560    202.0   6127.91   6135.36       4562.488      -1463.293        105.992       -288.552      2        low
  562    110.0   6151.62   6158.17       6774.109       1015.493         28.333         70.059      2        opt
  563    241.0   6151.62   6125.02       6343.122      -2859.267         958.52          4.483      2        low
  564    236.0   6151.62   6142.49       4191.471       2954.546       -983.008        132.171      1        low
  565    218.0   6151.62   6145.02        4159.99       2533.694       -713.772         79.906      1        low
  566    288.0   6151.62   6195.46       7073.593       3336.452       1435.666        346.682      2        low
  567    170.0   6157.73   6158.17       7256.432       1403.487         30.432          9.789      2        opt
  568    249.0   6157.73   6126.22       4713.633       1849.102        405.456        156.286      2        low
  569    237.0   6157.73   6090.21       3615.446       1497.288        -259.17         17.378      0        low
  570    242.0   6157.73   6111.65        4446.14       1818.727        -544.04        569.696      2        low
  571    238.0   6157.73   6135.36       4381.439       1855.339       -844.348        714.177      2        low
  572    196.0   6157.73   6216.35       5035.148       -2209.08        601.709         376.05      2        opt
  573    192.0   6157.73   6224.51       4340.113      -1585.357       -690.222       -438.973      2        opt
  575     84.0   6159.38   6158.17       6206.499      -1070.615         89.047       -112.103      2        opt
  576    169.0   6159.38   6126.22       4079.036       3871.396      -1792.849        392.578      0        opt
  577    252.0   6159.38   6090.21       4115.537       4840.207      -1424.207        -27.082      0        low
  578    128.0   6159.38   6111.65       5730.369       2269.251        952.368        131.367      2        opt
  579    118.0   6159.38   6135.36       5570.929       2040.117        871.635        149.596      2        opt
  580    239.0   6159.38   6216.35       4224.824        5254.57      -3188.845         794.76      1        low
  581    110.0   6159.38   6224.51       5278.775       -1364.73        326.028          -2.84      2        opt
  583    132.0   6165.36   6158.17        6950.72      -1306.456         53.294        -21.269      2        opt
  584    175.0   6165.36   6126.22        4975.12       1995.307        941.977          4.914      2        opt
  585    188.0   6165.36   6111.65       4677.418       1535.627        454.409        102.571      2        opt
  586    189.0   6165.36   6135.36       4616.694       1435.575        299.317        198.646      2        opt
  587    133.0   6165.36   6216.35       5403.961      -2487.517        675.247        514.284      2        opt
  588    159.0   6165.36   6224.51       4550.261      -1221.382        128.099        -42.612      2        opt
  590    146.0   6173.34   6158.17       7094.343      -1155.217         -3.536        -34.704      2        opt
  595    240.0   6173.34   6237.33       4047.974       2386.616       -424.564         16.863      0        low
  596    129.0   6180.21   6158.17       6954.453      -1147.995         23.516        -45.153      2        opt
  598    136.0   6187.99   6158.17       6988.819      -1296.348         45.132        -22.846      2        opt
  599    145.0   6187.99   6216.35       5296.852      -2474.087        742.882        507.283      2        opt
  600    172.0   6187.99   6224.51       4497.439       -1321.02       -186.094       -244.873      2        opt
  601    177.0   6187.99   6251.83       4797.365      -1699.183        375.154        168.424      2        opt
  603    184.0   6213.44   6158.17       7342.907      -1257.218        -18.102        -14.004      2        opt
  609    204.0   6219.29   6158.17       7448.594      -1308.166        -15.331          0.739      2        low
  614     86.0   6220.79   6158.17       6374.494      -1035.605         78.055        -96.545      2        opt
  615    217.0   6220.79   6216.35       3986.505       3977.115      -1493.581        224.353      0        low
  616    114.0   6220.79   6224.51       4956.674      -1366.803         392.96         42.177      2        opt
  617    135.0   6220.79   6251.83       5526.654      -2200.964        585.175        217.224      2        opt
  618    121.0   6220.79   6274.66       5161.259      -1651.431        467.673        108.175      2        opt
  619    124.0   6220.79   6285.17        5227.33      -1753.981        497.404         126.28      2        opt
  620    102.0   6226.74   6158.17        6609.43       -1134.24         81.919        -71.673      2        opt
  621    143.0   6226.74   6216.35       3848.091       2993.948       -982.592        133.581      0        opt
  622    132.0   6226.74   6224.51       4737.182       1270.409        317.721        -41.547      2        opt
  623    132.0   6226.74   6251.83       5165.226      -1935.644        534.524        276.059      2        opt
  624    134.0   6226.74   6274.66       4898.947      -1494.361        409.809         133.58      2        opt
  625    134.0   6226.74   6285.17        4947.44      -1572.086        441.971        154.462      2        opt
  626    241.0   6229.24   6195.46       6794.171      -3446.596       1860.517       -588.026      2        low
  628    282.0   6232.65   6216.35       4659.701        2713.35       -866.119         480.15      2        low
  629    239.0   6232.65   6224.51       3738.259       3303.329      -2819.154       1194.028      2        low
  630    262.0   6232.65   6251.83       4201.665      -2933.387      -2093.523      -1009.322      2        low
  631    248.0   6232.65   6274.66       3956.071      -3078.573      -2476.211      -1103.468      2        low
  632    252.0   6232.65   6285.17       4006.503      -3052.311      -2417.492      -1096.678      2        low
  633    279.0   6240.65   6195.46       7021.417      -3267.982       1389.752       -335.635      2        low
  634    179.0   6240.65   6237.33       5485.999      -2412.278        777.142        322.208      2        opt
  635    195.0   6240.65   6243.82       4132.985       2160.941       -518.188         48.552      0        opt
  636    192.0   6240.65   6244.48       4127.096       2097.264       -487.334         44.091      0        opt
  641    283.0   6290.98   6358.68        3185.04       4442.441      -1451.304        163.826      1        low
  645    229.0   6290.98   6258.11       3618.392       1947.577       -364.797         28.434      0        low
  646    232.0   6290.98    6261.1       3642.127       1844.947       -341.886         26.282      0        low
  647    179.0   6290.98   6224.51       4358.347       1200.257         61.893         22.144      2        opt
  648    196.0   6290.98   6251.83        4606.98       1505.625        430.652       -233.807      2        opt
  649    187.0   6290.98   6274.66       4461.035       1292.022         258.58       -108.355      2        opt
  650    190.0   6290.98   6285.17       4488.778       1331.685        302.423        -138.06      2        opt
  651    223.0   6290.98   6330.13       4719.181      -1917.814        772.131         370.17      2        low
  653    264.0    6297.8   6237.33       4114.269       2438.572       -294.876        -31.469      1        low
  656    302.0    6297.8   6362.35       8426.917        7125.63       5567.492       1717.405      2        low
  659    179.0   6303.46   6251.83       4029.989       5931.473      -5113.543       1779.165      0        opt
  660    138.0   6303.46   6274.66       6035.076       2028.325        438.729        -23.651      2        opt
  661    145.0   6303.46   6285.17       6154.098       2161.642        456.748         -41.95      2        opt
  662    272.0   6303.46   6330.13       4006.564       6982.302       -363.338       -3604.81      1        low
  665    151.0   6315.81   6251.83       4934.229       1717.428        476.089       -241.235      2        opt
  666    154.0   6315.81   6274.66       4727.894       1386.795        328.117       -101.954      2        opt
  667    155.0   6315.81   6285.17       4766.236       1448.757        364.068       -130.161      2        opt
  668    146.0   6315.81   6330.13        5177.32      -2515.627       1003.821        465.179      2        opt
  672    288.0   6336.83   6274.66       3656.696       2586.971      -1253.221        477.193      2        low
  673    294.0   6336.83   6285.17       3672.917       2739.204      -1396.904        530.204      2        low
  676    187.0   6358.68   6407.29       6726.173       1852.928        -73.051       -322.827      2        opt
  677    182.0   6358.68   6416.93       6461.956       1885.437        -15.944        -343.71      2        opt
  684    269.0   6358.68   6362.35       7859.837       4494.489       2712.275        708.965      2        low
  685    189.0   6380.75   6330.13       4927.019       2196.736        850.356       -370.286      2        opt
  687    216.0   6385.72   6330.13       4049.125       5053.579      -2880.679        694.259      0        low
  689    107.0   6392.54   6442.97       6304.233       1062.629        139.369        122.601      2        opt
  690    120.0   6392.54   6414.99       5160.846       1472.589         393.36         54.069      2        opt
  691    109.0   6392.54   6362.35       5632.535      -1342.226        466.159       -377.796      2        opt
  695    183.0   6481.88   6442.97       7467.715      -1580.967       -188.342        126.991      2        opt
  696    311.0   6481.88   6414.99       6533.638      -3296.835       1461.027       -193.113      2        low
  697    310.0   6481.88   6527.21       6608.231       3377.008       1522.001        222.239      2        low
  698    120.0   6498.94   6442.97        6752.72      -1109.322         80.394        -89.663      2        opt
  699    201.0   6498.94   6527.21       5870.614       1828.047         270.61       -140.872      2        low
  700    155.0   6581.21   6627.55        5230.26       2724.031        591.694      -1221.752      2        opt
  701     83.0   6581.21   6587.62       5849.157         787.09         11.964         93.638      2        opt
  702    130.0   6581.21   6527.21       5287.866       -1371.02        267.075         11.931      2        opt
  703    133.0   6581.21   6583.71       5847.005       1473.998        253.138        109.112      2        opt
  704    216.0   6593.88   6587.62       6930.769      -1570.611        261.851        -22.112      2        low
  707     83.0   6608.03   6587.62       5826.854       -848.871         32.951       -109.544      2        opt
  708    120.0   6608.03   6583.71       5807.293      -1678.169        459.558       -228.263      2        opt
  709    174.0   6609.12   6587.62       6639.778      -1345.436        140.619        -43.288      2        opt
  711    147.0   6625.02   6627.55       5156.028       2328.245        424.528       -912.696      2        opt
  712    225.0   6625.02   6653.86       3752.438       4152.489      -2128.253        423.108      0        low
  713     76.0   6625.02   6587.62       5791.878       -731.688          -5.61        -85.487      2        opt
  714    126.0   6625.02   6583.71        5745.54      -1285.283        145.474         -80.91      2        opt
  716    136.0   6625.02    6598.6       5379.467      -1946.341        274.455        343.056      2        opt
  717    137.0   6625.02   6635.13       5436.485       1882.168        248.058       -284.388      2        opt
  718    132.0   6627.55   6587.62       6119.993      -1302.208        212.597        -117.09      2        opt
  720    122.0   6627.55   6599.12       4974.332       1444.043          543.8         19.568      2        opt
  721     68.0   6646.94   6587.62       5641.068       -834.996          8.123       -112.081      2        opt
  722     84.0   6646.94   6583.71       5459.672      -1489.925        339.893       -308.133      2        opt
  723     95.0   6653.86   6707.83       4967.653      -1184.261        832.071       -426.769      2        opt
  724     86.0   6653.86   6587.62       5624.703      -1003.436         37.734       -187.214      2        opt
  725    117.0   6653.86   6599.12       5656.458       2242.529       1125.853        257.028      2        opt
  726    217.0   6699.15   6710.32       3724.295       5221.354      -3267.219        802.208      1        low
  727    173.0   6699.15   6739.52       3671.014       4353.984      -2405.154        516.561      1        opt
  728     75.0   6699.15   6707.83        5144.42      -1289.031        830.038       -355.745      2        opt
  729     88.0   6699.15   6757.17        5543.04       1088.711          61.77        337.839      2        opt
  730    157.0   6703.57   6721.85       5576.417         2218.5        887.691         29.936      2        opt
  731    209.0   6703.57   6741.63        6745.27       3106.669       1504.155        470.932      2        low
  732    115.0   6703.57   6757.17       6253.318       1194.185        229.782        154.928      2        opt
  733    182.0   6705.11   6710.32       4503.399      -2378.303        433.001        433.883      2        opt
  734    190.0   6705.11   6739.52       4251.214      -2514.639       -353.403       -207.067      2        opt
  735    182.0   6705.11   6707.83        4502.22       -697.347        -80.652       -457.675      2        opt
  736    157.0   6705.11   6757.17       6659.693       1934.791        742.178         284.58      2        opt
  737    144.0   6710.32   6713.05       5248.368       2581.521        497.144      -1056.427      2        opt
  738    154.0   6710.32   6713.74       5416.056       2485.842        334.087       -853.038      2        opt
  739    185.0   6710.32   6726.67       4481.353       2393.434        364.258       -375.025      2        opt
  740    219.0   6710.32   6732.07       3713.092       5517.752      -3620.701        934.991      0        low
  741    214.0   6710.32   6745.11        3727.62       4987.877      -2992.178        704.507      0        low
  742    148.0   6710.32   6752.71       4809.707       2378.014        817.768       -946.554      2        opt
  743    119.0   6710.32   6721.85        5130.82       1294.239        257.423        -15.019      2        opt
  744    118.0   6710.32   6741.63       5759.733       1382.635        225.656        124.862      2        opt
  745     73.0   6710.32   6757.17       5825.188        808.297         38.155         113.38      2        opt
  746    119.0   6713.05   6739.52       4965.477      -2400.215        680.407         987.49      2        opt
  747    122.0   6713.05   6707.83        4688.59        787.775        383.098        323.172      2        opt
  748    125.0   6713.05   6757.17       6108.859       1414.621        415.544        270.275      2        opt
  749     94.0    6713.2   6707.83        4986.92       1211.424        860.474        433.837      2        opt
  750     84.0    6713.2   6757.17       5642.786       1047.088        102.297        277.061      2        opt
  751    124.0   6713.74   6739.52       5139.923      -2336.616        486.042        823.768      2        opt
  752    106.0   6713.74   6707.83        4751.71        840.024        429.999        279.724      2        opt
  753    125.0   6713.74   6757.17       6032.203       1391.276        403.681        293.347      2        opt
  754    120.0   6725.36   6707.83       4749.946        897.403        553.666        426.987      2        opt
  755    103.0   6725.36   6757.17        5902.25       1163.636        244.168        257.712      2        opt
  756    193.0   6726.67   6739.52       4225.276       -2565.53       -472.498       -279.342      2        opt
  757    183.0   6726.67   6707.83       4496.825        701.834       -100.621        462.517      2        opt
  758    158.0   6726.67   6757.17       6680.036       1956.914        760.239         289.54      2        opt
  759    174.0   6732.07   6739.52       3661.023       4603.646      -2673.558        605.441      1        opt
  760     74.0   6732.07   6707.83       5173.961       1326.731        864.157        365.547      2        opt
  761     85.0   6732.07   6757.17       5517.669       1085.388         43.457        333.161      2        opt
  762    171.0   6739.52   6745.11        3673.48       4157.864      -2199.918         452.65      0        opt
  763    145.0   6739.52   6752.71       4557.859       2201.582        762.135       -676.342      2        opt
  764    151.0   6739.52   6793.26       3684.948       2920.425      -1105.354        160.347      0        opt
  765    105.0   6739.52   6721.85       4993.714      -1218.843        227.804          1.838      2        opt
  766     99.0   6739.52   6741.63       5592.582       1280.288         183.76        138.393      2        opt
  767     64.0   6739.52   6757.17       5722.895        785.212         23.623        108.763      2        opt
  768     77.0   6745.11   6707.83       5116.955       1259.102        809.299        353.132      2        opt
  769     89.0   6745.11   6757.17       5566.081       1090.618         75.835        338.387      2        opt
  770     87.0   6745.97   6707.83       5158.916       1469.634       1096.078        488.453      2        opt
  771     73.0   6745.97   6757.17       5504.687       1021.077         24.258         251.13      2        opt
  772    153.0   6752.71   6707.83       4575.136         689.25        169.865        373.617      2        opt
  773    139.0   6752.71   6757.17       6403.962       1682.656         567.54        252.299      2        opt
  774    118.0   6786.86   6757.17       6112.903      -1333.788        350.242       -236.393      2        opt
  775    103.0   6793.26   6757.17       5747.568      -1158.613        202.857       -320.977      2        opt
  776    195.0   6806.85   6741.63       6625.346      -2883.847       1308.197       -410.159      2        opt
  777    111.0   6806.85   6757.17       6212.078      -1155.682        215.131       -158.185      2        opt
  778    165.0   6810.27   6757.17       6750.039      -2034.625        824.311       -308.791      2        opt
  779    147.0   6820.37   6757.17       6528.955      -1801.261        640.449       -260.538      2        opt
  780    223.0   5197.57    5219.7       5111.109       -1175.57        203.116         78.957      2        low
  781    226.0   5234.63    5219.7       5083.279       1180.761        208.328        -84.548      2        low
  782    172.0   5264.81    5219.7       5471.338       1094.911          184.3         -2.039      2        opt
  787    106.0   5427.81   5490.16       6423.214      -1091.683        146.611        -84.301      2        opt
  790    158.0   5427.81   5435.86       7190.705      -1401.758        -58.098         -14.15      2        opt
  791    117.0   5427.81   5402.78       6943.375       2689.063         76.198       -143.355      2        opt
  794    165.0   6113.32   6158.17       6633.607       2273.619        -44.286       -188.573      2        opt
  797    158.0   6149.25   6216.35       5721.938      -1107.609        210.519        -29.908      2        opt
  799    223.0   6238.39    6300.3       4404.607       -580.013         -9.098       -775.142      2        low
  800    173.0   6238.39   6216.35       5609.559       1100.536        213.699          20.99      2        opt
  801    120.0   6238.39   6224.51       5073.744        670.057        102.758         81.781      2        opt
  802    146.0   6238.39   6251.83       5317.704       -841.512        143.004        -64.989      2        opt
  803    130.0   6238.39   6274.66       5174.935        -733.24        117.351        -76.437      2        opt
  804    134.0   6238.39   6285.17       5203.866       -754.606        123.138         -75.05      2        opt
  805     83.0   6239.94    6300.3       4949.305      -1059.285        682.474       -543.023      2        opt
  806    130.0   6239.94   6216.35       6266.534       1170.065        176.203         54.561      2        opt
  807     97.0   6239.94   6224.51       5523.605        694.503        120.864         96.035      2        opt
  808    111.0   6239.94   6251.83       5844.712       -877.531        153.664        -93.415      2        opt
  809    102.0   6239.94   6274.66       5651.909       -761.329        135.181        -96.989      2        opt
  810    104.0   6239.94   6285.17       5691.209       -785.011         138.98        -96.453      2        opt
  811    248.0   6247.56    6300.3       4330.174       -581.428       -166.512       -819.443      2        low
  812    188.0   6247.56   6216.35       5515.569       1103.156        212.834         10.181      2        opt
  813    129.0   6247.56   6224.51       5002.181        678.076        100.025         70.635      2        opt
  814    157.0   6247.56   6251.83       5236.862       -853.566        140.333        -49.972      2        opt
  815    140.0   6247.56   6274.66       5099.892       -743.484        114.801        -63.503      2        opt
  816    144.0   6247.56   6285.17       5127.607       -764.933        120.295        -61.602      2        opt
  818    216.0   6442.97    6455.6       7699.761      -1849.504       -438.849        350.829      2        low
  822    205.0   6456.39   6496.91       4351.922       1407.894       2327.718       -1051.31      1        low
  824    168.0   6707.83   6696.03       4217.078      -1685.903      -1455.432      -1301.314      2        opt
  825    106.0   6707.83   6698.67       4472.014      -1335.788       -217.032       -782.298      2        opt
  826     84.0   6707.83   6721.85       4778.783        639.398        190.792         92.306      2        opt
  827     55.0   6707.83   6741.63       5131.792        761.254        267.647         125.59      2        opt
  828     54.0   6707.83   6757.17       5365.732        617.764        124.914         57.102      2        opt
  829     68.0   6707.83   6661.08       4801.066      -1346.574        625.306       -256.769      2        opt
  830    195.0   6707.83   6772.32       4529.543        711.736       -190.316        506.492      2        opt
  831    132.0   5052.15    4997.1       5693.287        892.213         96.504         31.378      2        opt
  832    178.0   5052.15   5016.17       6140.599       1364.186        187.877        -95.443      2        opt
  833    183.0   5052.15   5039.96        6278.47       1393.264        156.989       -137.934      2        opt
  834     88.0   5052.15   5064.06       5072.276       -758.855        139.927       -107.771      2        opt
  835    139.0   5052.15   5071.49       5656.851       -996.582        171.457        -63.928      2        opt
  836    135.0   5052.15   5113.44       5630.905       -972.724        164.814        -68.637      2        opt
  837    142.0   5052.15   4995.66       5362.885       1347.465         31.611        134.939      2        opt
  838    273.0   5052.15   5081.11       6755.854      -2361.399       1275.179       -448.519      2        low
  839    178.0   5052.15   5094.41       5673.369      -1501.501          135.0        -34.795      2        opt
  840    208.0   5052.15   5010.94       6042.991       1692.297        170.078        -88.647      2        low
  841    280.0   5052.15   5087.43       6239.278      -2393.769        960.212       -244.454      2        low
  842    229.0   5052.15   5112.28       4475.006      -1303.277       1232.246        309.064      2        low
  843    131.0   5052.15    5092.8       4975.896      -1139.595        295.715        -65.498      2        opt
  844    268.0   5380.32   5349.47       7147.826       2385.809       1108.693        284.601      2        low
  846    290.0   5380.32   5418.77       6786.488      -2970.433       2095.099      -1184.895      2        low
  847    169.0   5380.32   5377.62       6193.068        1496.73        262.317         46.628      2        opt
  848    166.0   5380.32   5399.47       6150.363      -1469.306        260.352        -51.973      2        opt
  849    140.0   5380.32   5413.67       5774.247      -1218.036        225.309       -116.305      2        opt
  850    160.0   5380.32   5342.71       6022.697       1423.573        157.601         91.786      2        opt
  851    137.0   5380.32   5352.05       5832.432       1239.521         93.372        136.817      2        opt
  852    102.0   5380.32    5359.2       5347.347       1238.469        -79.689        229.514      2        opt
  853    118.0   5380.32   5392.33       5428.853      -1369.547        -81.989        -236.63      2        opt
  854    185.0   5380.32   5435.86       6284.763      -1324.904         79.572         -39.33      2        opt
  855    180.0   5380.32   5402.78       5372.015      -2093.834        648.186        289.692      2        opt
  856    195.0   6587.62    6604.6       6603.566      -2085.014        390.777        -85.717      2        opt
  857     64.0   6587.62   6599.12       5631.295       -679.878         65.087        -67.579      2        opt
  858    128.0   6587.62    6598.6       6057.302      -1318.828        124.986       -148.726      2        opt
  859    129.0   6587.62   6635.13       6032.707       -1340.02        124.337       -156.799      2        opt
  860    119.0   6158.17   6154.23       6873.245       1384.163         95.822        -26.313      2        opt
  861    141.0   6158.17   6160.75        7200.09      -1478.045          8.426         64.399      2        opt
  862    134.0   6158.17   6125.02       6997.698       1520.443         -20.68        -17.317      2        opt
  863    136.0   6158.17   6142.49       7034.731       1527.993        -31.032        -28.124      2        opt
  864    144.0   6158.17   6145.02       7158.159       1548.472        -57.505        -51.358      2        opt
  865    121.0   6158.17   6195.46       6620.857      -1483.358         13.292        -63.139      2        opt
  866     74.0   6158.17   6156.02       6069.936        938.976        129.173         64.922      2        opt
  867    154.0   6158.17   6161.29       7204.583      -1366.076        -23.461         40.486      2        opt
  868    177.0   6158.17   6166.44       7363.926      -1409.623        -45.492         48.401      2        opt
  869    241.0   6158.17   6169.04       7687.274      -1481.568        -61.935         61.377      2        low
  870     71.0   6158.17   6091.18       6205.585        886.314         98.166         74.214      2        opt
  871     69.0   6158.17   6126.22       6289.197        803.374         56.106         71.121      2        opt
  872     81.0   6158.17   6090.21        6477.11        873.211         53.078          74.84      2        opt
  873     57.0   6158.17   6111.65       6056.754        724.949         47.681         59.922      2        opt
  874     55.0   6158.17   6135.36       5996.087         706.99         47.865         57.491      2        opt
  875     77.0   6158.17   6216.35       6449.525       -795.253         30.401         -72.86      2        opt
  876     46.0   6158.17   6224.51       5815.714       -600.808         31.396        -47.372      2        opt
  877    142.0   6158.17   6108.12       7039.706       1103.564        -11.583         54.703      2        opt
  878    121.0   6158.17   6111.08       6804.505       1274.691         55.075         54.756      2        opt
  879     80.0   6158.17   6119.76       6174.413       1087.471           8.88        150.834      2        opt
  880     76.0   6158.17   6128.98       6383.164        844.233         -2.197        104.305      2        opt
  881    103.0   6158.17   6130.14       6541.902       1198.989         65.904         97.144      2        opt
  882    151.0   6158.17   6175.37       7095.772      -1374.078          28.63        -23.372      2        opt
  883    190.0   6158.17   6176.82       7362.552      -1461.864         46.943        -32.668      2        opt
  884     61.0   6158.17   6177.25       6167.557       -808.065          -20.2         -104.6      2        opt
  885    115.0   6158.17   6186.72       6724.389      -1246.787         59.097        -67.477      2        opt
  886    100.0   6158.17   6204.61       6521.254       -1166.24         59.159       -101.095      2        opt
  887    110.0   6158.17   6223.99       6658.554      -1221.192         61.394        -79.016      2        opt
  896    318.0    6300.3   6362.35       4119.492        345.325          3.212          -1.32      0        low
  898    100.0   6154.23   6125.02       4035.605       4180.471      -5331.574       3198.001      1        opt
  899    106.0   6154.23   6142.49       4057.461       3737.961      -4315.389       2466.704      1        opt
  900    160.0   6154.23   6145.02       4094.338       2694.378      -2202.367       1059.425      1        opt
  901    320.0   6154.23   6195.46       4287.612       4018.194      -3897.368       5674.169      0        low
  904    276.0   6160.75   6145.02       4076.773       4989.726      -8923.884       7709.187      1        low
  906    181.0   4730.04   4675.11       4764.143       2709.882       1718.407      -1332.586      2        opt
  907    203.0   4730.04   4722.61       4380.048       1897.887        586.006       -146.636      2        low
  909    309.0   5711.09   5670.85       3809.311       3307.415      -2037.213        993.992      2        low
  910    309.0   5711.09   5703.59        4124.88        3246.16      -1535.215        808.891      2        low
  911    307.0   5711.09   5727.05        4308.24      -3118.577       -725.752       -344.164      2        low
  912    295.0   5711.09   5737.07       3532.695      -3188.083      -2113.697       -965.277      2        low
  916    168.0   6319.24   6251.83       5343.237       1692.171         275.83       -239.673      2        opt
  917    135.0   6319.24   6274.66       5065.393       1410.214          287.3       -179.979      2        opt
  918    142.0   6319.24   6285.17       5118.718       1469.156        288.401       -193.115      2        opt
  919    218.0   6319.24   6330.13       4087.451       2131.352       -550.278         51.124      1        low
  922    270.0   6318.72   6258.11       4044.718       2814.174       -724.018         75.815      0        low
  923    253.0   6318.72    6261.1       4027.081       2706.405       -704.444         76.065      0        low
  924    148.0   6318.72   6251.83       5012.427       1613.646        398.844       -290.318      2        opt
  925    127.0   6318.72   6274.66       4792.184       1322.169        385.706       -208.691      2        opt
  926    131.0   6318.72   6285.17       4833.636        1381.71        392.961        -225.97      2        opt
  927    178.0   6318.72   6330.13       5285.984      -2204.632        566.808        481.539      2        opt
  929    145.0   6696.03   6757.17       6438.878       1841.701         746.22        211.473      2        opt
  930    139.0   6698.67   6757.17       6031.793       1445.623        591.419        213.348      2        opt
  931     92.0   5517.54    5520.5       5332.147      -1356.407        869.737       -442.726      2        opt
  933    127.0   5517.54   5490.16       6239.541       2565.031       1436.885        434.829      2        opt
  935    104.0    5621.6   5671.82       6155.715      -2446.855        1532.94       -532.204      2        opt
  939    124.0    5621.6   5670.85       6325.705      -2275.438        1029.94       -311.323      2        opt
  942    133.0   5645.61   5671.82       5141.535      -1328.422        694.368        -246.88      2        opt
  946    131.0   5645.61   5670.85       5294.967      -1462.727        554.913       -105.044      2        opt
  947    126.0   5645.61   5703.59       5606.326      -1894.687        808.646       -137.817      2        opt
  948    310.0   5645.61   5578.72       3951.093       3470.541       -952.544          85.28      0        low
  949    305.0   5645.61   5587.87       3931.209       3284.718       -690.227         11.847      0        low
  950    190.0   5684.49   5671.82       4823.599       1154.255        506.179          114.9      2        opt
  954    169.0   5684.49   5670.85       4937.915       1310.989         462.25          2.413      2        opt
  955    162.0   5684.49   5703.59       5157.075      -1560.161        613.958        -43.422      2        opt
  956    156.0   5684.49   5727.05       5312.259      -1783.949        746.936        -60.621      2        opt
  957    159.0   5684.49   5737.07        4762.88      -1088.906        342.381          9.402      2        opt
  958    174.0   5684.49   5748.36       4792.047      -2136.926       1012.372        622.616      2        opt
  959    165.0   5690.43   5671.82       4932.346       1204.026        557.101        157.628      2        opt
  963    150.0   5690.43   5670.85       5063.138       1347.692         483.22          42.93      2        opt
  964    140.0   5690.43   5703.59       5306.758      -1659.176        671.955        -78.663      2        opt
  965    135.0   5690.43   5727.05       5489.205      -1938.734        839.869       -100.799      2        opt
  966    143.0   5690.43   5737.07       4871.092      -1105.612        345.758        -25.912      2        opt
  967    152.0   5690.43   5748.36       5022.363      -2244.987        857.296        547.138      2        opt
  968    136.0   5701.11   5671.82       5112.556       1306.317        670.829        233.213      2        opt
  972    132.0   5701.11   5670.85       5262.207       1439.273        542.858         99.023      2        opt
  973    126.0   5701.11   5703.59       5562.511      -1856.349        787.004       -129.642      2        opt
  974    129.0   5701.11   5727.05       5796.325      -2216.829       1021.511       -173.234      2        opt
  975    126.0   5701.11   5737.07       5036.916      -1131.726        365.616        -82.977      2        opt
  976    148.0   5701.11   5748.36       5377.563      -2394.392        688.899        437.684      2        opt
  978    120.0   5753.64   5739.48       4787.305        914.044        400.767        213.999      2        opt
  979    128.0   5753.64   5703.59        5443.27       1573.009        574.838         64.342      2        opt
  980    136.0   5753.64   5727.05        5633.27       1813.773        706.211         78.678      2        opt
  981    116.0   5753.64   5737.07       4989.609       1015.191        305.627         61.883      2        opt
  983    159.0   5753.64   5748.36       5251.241       1988.335        583.645       -271.581      2        opt
  984    139.0   5772.15   5703.59       5298.364       1616.293        639.608         70.535      2        opt
  985    135.0   5772.15   5727.05       5474.859       1878.494        790.854         87.476      2        opt
  986    141.0   5772.15   5737.07       4871.323       1080.521         335.98         29.098      2        opt
  988    152.0   5772.15   5748.36       5020.059       2167.838        818.759        -492.57      2        opt
  989    129.0   5797.87   5866.45       4323.405         1929.5       -439.231         42.655      1        opt
  990    133.0   5797.87   5737.07       4961.663       1110.953        349.476         57.507      2        opt
  992    133.0   5797.87    5847.0       5040.486      -2124.473        734.857        424.502      2        opt
  993    144.0   5797.87   5748.36       5213.494       2301.137        745.719       -464.137      2        opt
  995    268.0   5948.54   5965.84       4795.708      -1380.615        670.073         -71.26      2        low
  996    265.0   5948.54   5978.55       4734.405       -1278.75        602.875        -87.773      2        low
  997    238.0   5948.54   6007.31       4361.288      -1823.355       1031.474        499.237      2        low
  998    141.0   6125.02   6156.02       4921.997      -1101.704       1014.975       -672.173      2        opt
 1002    102.0   6125.02   6064.63       5117.418        967.581        284.017        110.215      2        opt
 1003    112.0   6125.02   6091.18       5229.038       1355.551        878.911        416.009      2        opt
 1004    114.0   6125.02   6126.22        5508.17      -1427.737        538.728       -129.471      2        opt
 1005    114.0   6125.02   6081.45       5296.224       1183.563        382.914        114.231      2        opt
 1006    128.0   6125.02   6090.21       5790.318       1806.298        700.102         121.41      2        opt
 1007    110.0   6125.02   6111.65       5226.405       1099.768        338.822        111.586      2        opt
 1008    106.0   6125.02   6135.36        5161.02       -1029.08        302.937       -110.969      2        opt
 1010    150.0   6125.02   6128.98       5525.124      -1994.637        448.602        135.999      2        opt
 1011    106.0   6125.02   6177.25       5103.937      -1755.498         421.51        109.903      2        opt
 1013    144.0   6142.49   6156.02       4898.945      -1071.777        969.939       -649.754      2        opt
 1017    115.0   6142.49   6091.18        5200.27       1324.724        847.546        401.554      2        opt
 1018    114.0   6142.49   6126.22       5477.662       1408.528        527.518        123.285      2        opt
 1019    115.0   6142.49   6081.45       5270.636       1172.193        376.806        107.624      2        opt
 1020    127.0   6142.49   6090.21       5751.217       1777.204        685.098         115.16      2        opt
 1021    111.0   6142.49   6111.65       5202.601       1089.526        333.959        106.055      2        opt
 1022    107.0   6142.49   6135.36        5138.49       1020.848        299.158        104.918      2        opt
 1024    148.0   6142.49   6128.98       5481.657       1979.764        456.558       -148.235      2        opt
 1025    106.0   6142.49   6177.25       5065.596      -1738.252        436.309        118.867      2        opt
 1027    161.0   6145.02   6156.02       4819.927       -981.306        841.095       -594.608      2        opt
 1031    125.0   6145.02   6091.18       5102.313       1240.436         760.28        357.133      2        opt
 1032    116.0   6145.02   6126.22       5374.403       1352.138        499.744        106.796      2        opt
 1033    118.0   6145.02   6081.45       5182.344       1140.052        362.019         88.982      2        opt
 1034    124.0   6145.02   6090.21       5621.339       1694.473        646.599          97.22      2        opt
 1035    115.0   6145.02   6111.65       5119.421       1063.848        321.983         87.414      2        opt
 1036    111.0   6145.02   6135.36       5059.854        997.896        289.932         88.233      2        opt
 1038    142.0   6145.02   6128.98       5330.462       1944.004        500.657       -197.227      2        opt
 1039    107.0   6145.02   6177.25       4924.444       -1696.26        506.275        165.819      2        opt
 1041     88.0   6195.46   6156.02       5291.331       1555.238       1496.687        799.156      2        opt
 1046    118.0   6195.46   6126.22        5916.24       1623.546        577.477        151.087      2        opt
 1047    241.0   6195.46   6258.11       7203.424      -3701.058       2002.275       -464.915      2        low
 1048    225.0   6195.46    6261.1       7066.361      -3436.812       1780.396       -399.728      2        low
 1049     94.0   6195.46   6135.36        5464.34       1112.856        330.553        152.792      2        opt
 1050    152.0   6195.46   6216.35       6259.345      -1733.818        400.982        -17.188      2        opt
 1051     87.0   6195.46   6224.51       5299.635        -854.69        140.544        -94.346      2        opt
 1052    115.0   6195.46   6251.83       5681.801      -1179.838        250.941        -86.112      2        opt
 1053    177.0   6195.46   6128.98       6058.339        2009.69        376.675         65.444      2        opt
 1054    122.0   6195.46   6177.25       5607.609       1758.184        266.761         78.012      2        opt
 1058    138.0   6237.33   6258.11       4356.156       1423.269       -238.507         16.415      1        opt
 1059    139.0   6237.33    6261.1       4362.169       1344.166       -218.843         14.495      1        opt
 1060    127.0   6237.33   6216.35       5351.859       1388.219        402.254         -2.032      2        opt
 1061    113.0   6237.33   6224.51        4769.66        831.768        174.895        -10.692      2        opt
 1062    132.0   6237.33   6251.83       5013.231      -1066.902        253.058         15.593      2        opt
 1063    122.0   6237.33   6274.66       4870.371       -919.753        201.013         14.851      2        opt
 1064    125.0   6237.33   6285.17       4898.596       -948.071        211.792         14.434      2        opt
 1065    140.0   6237.33   6177.25       4517.183       1493.964         779.02       -270.561      2        opt
 1067    141.0   6243.82   6258.11        4427.09       1877.656       -403.447         37.271      1        opt
 1068    135.0   6243.82    6261.1       4424.645       1780.146       -374.715         33.588      1        opt
 1069    121.0   6243.82   6216.35       5580.622       1488.797        410.778         -0.976      2        opt
 1070    104.0   6243.82   6224.51       4911.313        830.158        154.361         24.023      2        opt
 1071    123.0   6243.82   6251.83       5186.327      -1093.482        245.106        -12.458      2        opt
 1072    114.0   6243.82   6274.66       5022.529       -924.128        186.007        -19.932      2        opt
 1073    116.0   6243.82   6285.17       5054.839       -956.518        198.247        -19.313      2        opt
 1074    111.0   6243.82   6177.25       4803.012       1644.275        574.618       -194.786      2        opt
 1076    139.0   6244.48   6258.11       4419.852       1825.278       -381.544         34.119      1        opt
 1077    134.0   6244.48    6261.1       4417.935       1730.088       -354.038         30.705      1        opt
 1078    121.0   6244.48   6216.35       5557.954       1479.247        409.456         -1.653      2        opt
 1079    105.0   6244.48   6224.51        4897.62        829.954        155.937         20.887      2        opt
 1080    124.0   6244.48   6251.83       5169.458      -1090.927        245.243         -9.406      2        opt
 1081    114.0   6244.48   6274.66       5007.788        -922.98          187.0        -16.855      2        opt
 1082    117.0   6244.48   6285.17       5039.433       -955.815        199.282        -15.604      2        opt
 1083    113.0   6244.48   6177.25       4774.465       1632.688          593.6       -204.074      2        opt
 1085    287.0   6414.99    6455.6       4431.803       1883.317        631.848        -231.04      1        low
 1091     86.0   6583.71   6599.12       5496.237      -1058.223        312.191       -148.392      2        opt
 1094     64.0   6052.67   6064.63       5771.939       -748.004         90.842        -79.003      2        opt
 1095     82.0   6052.67   6091.18       6011.116      -1004.582        233.289        -136.38      2        opt
 1096     70.0   6052.67   6039.73       5908.019         809.65        100.565         89.984      2        opt
 1097     72.0   6052.67   6081.45       5950.027       -828.103        105.879        -92.526      2        opt
 1098     98.0   6052.67   6090.21       6341.407       -1053.21        179.062       -113.403      2        opt
 1099     69.0   6052.67   6111.65       5883.613       -796.465         95.857        -87.042      2        opt
 1100    113.0   6052.67   5996.73       6298.063       1473.745        379.775        391.452      2        opt
 1101     95.0   6052.67   6007.31       6229.118       1005.009          68.54        157.678      2        opt
 1102    182.0   6052.67   6086.29       7026.046      -2195.866        953.833       -448.901      2        opt
 1103    187.0   6052.67   6108.12       7056.207      -1579.636        296.346       -150.562      2        opt
 1104    147.0   6052.67   6111.08       6711.585      -1798.314        639.879       -379.007      2        opt
 1105     91.0   6052.67   6119.76        5921.85      -1287.293         84.043       -407.186      2        opt
 1106     80.0   6757.17   6814.95       5890.258        -913.61         48.535       -137.605      2        opt
 1107    214.0   6757.17   6767.78       7041.941      -1781.734        442.154        -153.28      2        low
 1108    161.0   6757.17   6772.32        6670.07        -1780.2        519.403       -228.382      2        opt
 1111    266.0   4555.49    4588.2       5673.372       2173.355        306.652       -626.989      2        low
 1112    220.0   4555.49   4592.05       6047.565       2020.857        139.591       -411.231      2        low
 1114    178.0   4562.63    4588.2       4874.483       1099.637        163.906       -115.726      2        opt
 1115    153.0   4562.63   4592.05       5111.096       1019.217        117.176        -42.695      2        opt
 1116    164.0   4562.63   4594.63       4039.523       2541.399        -1084.9        185.328      0        opt
 1117    149.0   4562.63   4512.99       5353.376      -1672.039        367.665        135.861      2        opt
 1120    241.0   4656.47    4588.2       5730.619      -2065.642         283.44         574.38      2        low
 1121    202.0   4656.47   4592.05       6084.596      -1929.283        116.865        410.849      2        low
 1123    203.0    4997.1   4936.34        5078.46      -3773.801      -2708.003      -1899.718      2        low
 1124    148.0    4997.1   4946.04       4102.849       2564.975       -859.529        113.444      1        opt
 1125    135.0    4997.1   4952.29       4032.815       2202.584       -635.827         72.024      1        opt
 1126    184.0    4997.1   4995.66        4131.16       3613.035      -1658.262        325.427      1        opt
 1127    160.0    4997.1   5010.94        5231.79       2032.071        560.531        -272.79      2        opt
 1130    259.0   5039.96   5081.11        8223.99      -3325.594       -193.859        524.997      1        low
 1132    306.0   5039.96   5010.94       4457.983          731.4       3782.107      -1840.137      1        low
 1135    176.0    5219.7   5218.21       5104.514       -1830.74        467.706        231.833      2        opt
 1136    167.0    5219.7   5220.09       4175.247       3432.438        -1620.2        312.553      0        opt
 1137    131.0   5866.45   5805.22       4023.465       2408.638       -473.794         36.412      1        opt
 1138    117.0   6064.63   5996.73       5179.355      -1373.965        585.495       -179.908      2        opt
 1139    162.0   6064.63   6086.29       4758.445       1179.882        382.458         29.892      2        opt
 1140    146.0   6064.63   6111.08       4878.038       1256.573        439.959         51.913      2        opt
 1141    109.0   6064.63   6119.76       5578.309        1719.05        850.258        300.918      2        opt
 1142    118.0   6064.63   6130.14       5134.716       1331.691        551.026        162.908      2        opt
 1143    161.0   6126.22   6086.29        5132.21      -1716.879        748.807        -80.345      2        opt
 1144    137.0   6126.22   6111.08       5317.031      -1939.061        968.358       -186.734      2        opt
 1145    142.0   6126.22   6119.76       6650.192      -3577.268       2097.918       -548.745      2        opt
 1146    120.0   6126.22   6130.14       5746.112       2351.116       1244.796        290.175      2        opt
 1147    188.0   6126.22   6175.37        5026.88       1679.454        705.229         60.993      2        opt
 1148    240.0   6126.22   6176.82       4823.197       1593.479        539.905         -8.033      2        low
 1149    127.0   6126.22   6186.72       5428.801       2057.124       1052.851        215.407      2        opt
 1150    204.0   6599.12   6661.08       3890.928       2269.485        -751.22         95.894      0        low
 1151    122.0   6599.12    6598.6       5141.971       -1325.47        499.919       -119.371      2        opt
 1152    117.0   6599.12   6635.13       5185.908       1311.448        491.628        126.872      2        opt
 1153    157.0   5670.85   5625.32       5116.172      -1798.835        772.954        -35.024      2        opt
 1154    145.0   5670.85   5628.35        6035.28        -2821.1       1548.914        -376.01      2        opt
 1155    133.0   5670.85   5641.88        5504.49       -2167.86       1045.288       -172.456      2        opt
 1156    144.0   5670.85   5643.08       5995.552      -2711.108        1436.53       -336.292      2        opt
 1157    198.0   5670.85    5682.2       4885.004       1660.156        639.487        -60.742      2        opt
 1158    173.0   5670.85   5694.99       5009.373       1724.906        708.809         -9.683      2        opt
 1159    140.0   5703.59   5641.88       4059.186       2740.463       -859.423        130.348      1        opt
 1160    185.0   5703.59   5643.08       6824.123      -4256.564        2659.04       -678.217      2        opt
 1161    182.0   5703.59    5682.2       5158.042      -2068.534        921.544         23.471      2        opt
 1162    153.0   5703.59   5694.99       5321.527      -2231.734       1057.833          -58.6      2        opt
 1163    167.0   5727.05    5682.2       3920.664       1780.627       -377.722         34.418      1        opt
 1164    138.0   5727.05   5694.99       3943.683        2060.64        -480.76         51.223      1        opt
 1165    193.0   5737.07    5682.2       4681.519      -1323.878        393.975         -8.634      2        opt
 1166    173.0   5737.07   5694.99       4780.455      -1350.063        463.275        -10.111      2        opt
 1167    163.0   5737.07   5805.22       4828.229       1349.112        478.242         13.507      2        opt
 1168    123.0   6039.73   5996.73         5383.6      -1725.428        784.454       -195.181      2        opt
 1169    167.0   6039.73   6086.29       4871.758       1394.998        500.514           6.74      2        opt
 1170    168.0   6081.45   6086.29       4917.226       1456.809        533.795          3.642      2        opt
 1171    148.0   6081.45   6111.08       5068.365       1576.442        630.144          58.01      2        opt
 1172    127.0   6081.45   6119.76       6017.571       2431.695        1244.57        349.751      2        opt
 1173    125.0   6081.45   6130.14       5395.673       1769.023        794.803        176.552      2        opt
 1174    145.0   6090.21   6086.29       5400.256       -2234.27       1055.354        -91.226      2        opt
 1175    125.0   6090.21   6111.08       4023.316       2150.628       -552.155         65.427      0        opt
 1176    205.0   6090.21   6119.76       7727.386       5709.853       3695.098        955.631      2        low
 1177    146.0   6090.21   6130.14       4125.101        3085.58      -1074.239        181.206      0        opt
 1178    166.0   6111.65   6086.29       4850.686      -1357.407        471.504         -4.868      2        opt
 1179    148.0   6111.65   6111.08       4990.297      -1455.304        545.645        -45.382      2        opt
 1180    120.0   6111.65   6119.76       5835.911       2128.203       1062.578        323.862      2        opt
 1181    123.0   6111.65   6130.14       5289.442       1591.307        685.706        165.997      2        opt
 1182    188.0   6111.65   6175.37       4762.069       1350.848        418.651         18.635      2        opt
 1183    226.0   6111.65   6176.82        4586.65       1372.425        227.893         44.039      2        low
 1184    164.0   6135.36   6086.29       4787.771      -1268.436         418.84        -18.429      2        opt
 1185    147.0   6135.36   6111.08       4917.551      -1353.474        481.438        -44.656      2        opt
 1186    114.0   6135.36   6119.76       5682.664      -1890.445        929.678       -311.275      2        opt
 1187    120.0   6135.36   6130.14        5194.94      -1446.431        602.802       -164.795      2        opt
 1188    185.0   6135.36   6175.37       4703.862       1265.777        349.703         51.014      2        opt
 1189    220.0   6135.36   6176.82       4535.181       1319.014        118.155        105.562      2        low
 1190    137.0   6135.36   6186.72       4990.812       1371.263        512.734         81.396      2        opt
 1191    123.0   6135.36   6204.61       5182.945       1479.745        645.277        183.479      2        opt
 1192    145.0   6216.35   6175.37       5370.345      -1980.828          603.9        125.299      2        opt
 1193    195.0   6216.35   6176.82       5115.967      -1872.107        541.502        205.878      2        opt
 1194    127.0   6216.35   6186.72       5887.682      -2348.464        760.496         22.816      2        opt
 1195    152.0   6216.35   6204.61         4209.1       3192.195      -1300.312        216.049      1        opt
 1196    133.0   6216.35   6223.99       6001.128       2437.464        824.367         11.643      2        opt
 1197    157.0   6216.35    6230.1        4227.36       3367.936      -1450.191        256.394      0        opt
 1198    153.0   6224.51   6175.37       4634.927      -1089.045        205.376          41.39      2        opt
 1199    176.0   6224.51   6176.82       4482.855      -1144.529         43.903        -27.025      2        opt
 1200    123.0   6224.51   6186.72       4883.275      -1101.751        240.605         29.713      2        opt
 1201    115.0   6224.51   6204.61       5036.476      -1121.486        259.584         -21.42      2        opt
 1202    119.0   6224.51   6223.99       4932.563      -1103.661        243.806         13.217      2        opt
 1203    113.0   6224.51    6230.1       5071.139       1124.705        264.296         33.419      2        opt
 1204    134.0   6251.83   6186.72       5256.984      -1547.181        391.675         65.837      2        opt
 1205    131.0   6251.83   6204.61        5480.11      -1665.588        444.534         20.474      2        opt
 1206    131.0   6251.83   6223.99       5325.679      -1577.892        404.571         51.109      2        opt
 1207    132.0   6251.83    6230.1       5529.922      -1684.169         456.48          6.441      2        opt
 1208    126.0   6274.66   6223.99       5082.747      -1260.705        300.022         24.172      2        opt
 1209    122.0   6274.66    6230.1       5242.403       -1312.83        330.845        -18.907      2        opt
 1210    121.0   6274.66   6322.17       5310.348       1327.457         344.67         40.445      2        opt
 1211    128.0   6285.17   6223.99       5128.407      -1319.127        322.199         27.581      2        opt
 1212    125.0   6285.17    6230.1       5296.063       -1382.89        356.724        -14.317      2        opt
 1213    124.0   6285.17   6322.17       5367.216       1399.891         373.29         37.805      2        opt
 1214    235.0   4600.75    4588.2       6060.611      -2849.103         314.27       1512.461      2        low
 1215    214.0   4600.75   4592.05       4677.887       2329.886       -567.932         44.162      1        low
 1216    234.0   4626.18    4588.2       6073.699      -2863.464        311.097       1540.734      2        low
 1217    213.0   4626.18   4592.05       4682.443       2349.005       -576.409         45.085      1        low
 1222    151.0   6330.13   6322.17        6183.72      -2893.882       1276.244       -175.638      2        opt
 1223    150.0   6330.13   6360.81       6175.436       2868.329        1258.99        173.372      2        opt
 1224    131.0   6330.13   6378.26       5550.676       2260.393         870.92         -9.125      2        opt
 1225    114.0   6330.13   6362.35       5858.687       1400.335        573.236        236.057      2        opt
 1237    139.0    6327.6   6362.35       6231.544       2126.903        875.554        348.534      2        opt
