2.400000000000000000e+01
2.600000000000000000e+01
3.400000000000000000e+01
3.500000000000000000e+01
3.600000000000000000e+01
3.800000000000000000e+01
4.700000000000000000e+01
5.400000000000000000e+01
5.700000000000000000e+01
5.800000000000000000e+01
6.300000000000000000e+01
6.500000000000000000e+01
6.600000000000000000e+01
6.700000000000000000e+01
7.000000000000000000e+01
7.200000000000000000e+01
7.500000000000000000e+01
7.700000000000000000e+01
7.800000000000000000e+01
8.000000000000000000e+01
8.100000000000000000e+01
9.000000000000000000e+01
9.100000000000000000e+01
9.700000000000000000e+01
1.010000000000000000e+02
1.080000000000000000e+02
1.130000000000000000e+02
1.140000000000000000e+02
1.150000000000000000e+02
1.170000000000000000e+02
1.220000000000000000e+02
1.230000000000000000e+02
1.260000000000000000e+02
1.330000000000000000e+02
1.370000000000000000e+02
1.420000000000000000e+02
1.470000000000000000e+02
1.490000000000000000e+02
1.500000000000000000e+02
1.550000000000000000e+02
1.650000000000000000e+02
1.720000000000000000e+02
1.770000000000000000e+02
1.780000000000000000e+02
1.840000000000000000e+02
2.040000000000000000e+02
2.110000000000000000e+02
2.130000000000000000e+02
2.160000000000000000e+02
2.240000000000000000e+02
2.250000000000000000e+02
2.260000000000000000e+02
2.350000000000000000e+02
2.360000000000000000e+02
2.370000000000000000e+02
2.420000000000000000e+02
2.450000000000000000e+02
2.510000000000000000e+02
2.540000000000000000e+02
2.550000000000000000e+02
2.600000000000000000e+02
2.640000000000000000e+02
2.660000000000000000e+02
2.670000000000000000e+02
2.690000000000000000e+02
2.700000000000000000e+02
2.710000000000000000e+02
2.830000000000000000e+02
2.870000000000000000e+02
2.880000000000000000e+02
2.890000000000000000e+02
2.900000000000000000e+02
2.910000000000000000e+02
2.950000000000000000e+02
2.960000000000000000e+02
3.020000000000000000e+02
3.030000000000000000e+02
3.070000000000000000e+02
3.080000000000000000e+02
3.230000000000000000e+02
3.240000000000000000e+02
3.250000000000000000e+02
3.300000000000000000e+02
3.310000000000000000e+02
3.320000000000000000e+02
3.330000000000000000e+02
3.340000000000000000e+02
3.350000000000000000e+02
3.380000000000000000e+02
3.410000000000000000e+02
3.420000000000000000e+02
3.430000000000000000e+02
3.480000000000000000e+02
3.500000000000000000e+02
3.520000000000000000e+02
3.560000000000000000e+02
3.570000000000000000e+02
3.610000000000000000e+02
3.650000000000000000e+02
3.670000000000000000e+02
3.690000000000000000e+02
3.720000000000000000e+02
3.730000000000000000e+02
3.750000000000000000e+02
3.780000000000000000e+02
3.800000000000000000e+02
3.830000000000000000e+02
3.850000000000000000e+02
3.880000000000000000e+02
3.890000000000000000e+02
3.900000000000000000e+02
4.010000000000000000e+02
4.020000000000000000e+02
4.040000000000000000e+02
4.090000000000000000e+02
4.110000000000000000e+02
4.190000000000000000e+02
4.220000000000000000e+02
4.240000000000000000e+02
4.310000000000000000e+02
4.410000000000000000e+02
4.430000000000000000e+02
4.450000000000000000e+02
4.460000000000000000e+02
4.560000000000000000e+02
4.760000000000000000e+02
4.900000000000000000e+02
5.010000000000000000e+02
5.050000000000000000e+02
5.120000000000000000e+02
5.140000000000000000e+02
5.400000000000000000e+02
5.460000000000000000e+02
5.480000000000000000e+02
5.540000000000000000e+02
5.620000000000000000e+02
5.850000000000000000e+02
6.030000000000000000e+02
6.060000000000000000e+02
6.250000000000000000e+02
6.260000000000000000e+02
6.270000000000000000e+02
6.290000000000000000e+02
6.410000000000000000e+02
6.430000000000000000e+02
6.480000000000000000e+02
6.520000000000000000e+02
6.590000000000000000e+02
6.610000000000000000e+02
6.660000000000000000e+02
6.670000000000000000e+02
6.690000000000000000e+02
6.750000000000000000e+02
6.800000000000000000e+02
6.880000000000000000e+02
7.100000000000000000e+02
7.140000000000000000e+02
7.150000000000000000e+02
7.160000000000000000e+02
7.190000000000000000e+02
7.200000000000000000e+02
7.210000000000000000e+02
7.220000000000000000e+02
7.230000000000000000e+02
7.300000000000000000e+02
7.450000000000000000e+02
7.570000000000000000e+02
7.580000000000000000e+02
7.590000000000000000e+02
7.600000000000000000e+02
7.610000000000000000e+02
7.630000000000000000e+02
7.780000000000000000e+02
7.820000000000000000e+02
7.830000000000000000e+02
7.850000000000000000e+02
7.860000000000000000e+02
7.890000000000000000e+02
7.930000000000000000e+02
7.950000000000000000e+02
8.060000000000000000e+02
8.210000000000000000e+02
8.280000000000000000e+02
8.290000000000000000e+02
8.310000000000000000e+02
8.320000000000000000e+02
8.380000000000000000e+02
8.400000000000000000e+02
8.460000000000000000e+02
8.490000000000000000e+02
8.520000000000000000e+02
8.550000000000000000e+02
8.580000000000000000e+02
8.640000000000000000e+02
8.660000000000000000e+02
8.700000000000000000e+02
8.710000000000000000e+02
8.720000000000000000e+02
8.750000000000000000e+02
8.810000000000000000e+02
8.860000000000000000e+02
8.980000000000000000e+02
9.020000000000000000e+02
9.040000000000000000e+02
9.050000000000000000e+02
9.080000000000000000e+02
9.100000000000000000e+02
9.130000000000000000e+02
9.240000000000000000e+02
9.290000000000000000e+02
9.320000000000000000e+02
9.330000000000000000e+02
9.340000000000000000e+02
9.350000000000000000e+02
9.360000000000000000e+02
9.370000000000000000e+02
9.380000000000000000e+02
9.430000000000000000e+02
9.450000000000000000e+02
9.500000000000000000e+02
9.520000000000000000e+02
9.560000000000000000e+02
9.590000000000000000e+02
9.620000000000000000e+02
9.630000000000000000e+02
9.650000000000000000e+02
9.690000000000000000e+02
9.710000000000000000e+02
9.740000000000000000e+02
9.790000000000000000e+02
9.830000000000000000e+02
9.870000000000000000e+02
9.890000000000000000e+02
9.910000000000000000e+02
9.940000000000000000e+02
9.950000000000000000e+02
9.980000000000000000e+02
1.004000000000000000e+03
1.010000000000000000e+03
1.013000000000000000e+03
1.016000000000000000e+03
1.020000000000000000e+03
1.023000000000000000e+03
1.030000000000000000e+03
1.042000000000000000e+03
1.045000000000000000e+03
1.049000000000000000e+03
1.052000000000000000e+03
1.054000000000000000e+03
1.055000000000000000e+03
1.063000000000000000e+03
1.069000000000000000e+03
1.071000000000000000e+03
1.072000000000000000e+03
1.076000000000000000e+03
1.078000000000000000e+03
1.086000000000000000e+03
1.087000000000000000e+03
1.090000000000000000e+03
1.109000000000000000e+03
1.112000000000000000e+03
1.115000000000000000e+03
1.118000000000000000e+03
1.124000000000000000e+03
1.128000000000000000e+03
1.129000000000000000e+03
1.131000000000000000e+03
1.133000000000000000e+03
1.134000000000000000e+03
1.135000000000000000e+03
1.140000000000000000e+03
1.143000000000000000e+03
1.146000000000000000e+03
1.151000000000000000e+03
1.158000000000000000e+03
1.159000000000000000e+03
1.162000000000000000e+03
1.163000000000000000e+03
1.165000000000000000e+03
1.166000000000000000e+03
1.170000000000000000e+03
1.177000000000000000e+03
1.178000000000000000e+03
1.179000000000000000e+03
1.190000000000000000e+03
1.204000000000000000e+03
1.205000000000000000e+03
1.207000000000000000e+03
1.208000000000000000e+03
1.209000000000000000e+03
1.210000000000000000e+03
1.212000000000000000e+03
1.213000000000000000e+03
1.215000000000000000e+03
1.216000000000000000e+03
1.218000000000000000e+03
1.219000000000000000e+03
1.223000000000000000e+03
1.224000000000000000e+03
1.225000000000000000e+03
1.226000000000000000e+03
1.227000000000000000e+03
1.230000000000000000e+03
1.233000000000000000e+03
1.234000000000000000e+03
1.235000000000000000e+03
1.236000000000000000e+03
1.237000000000000000e+03
1.238000000000000000e+03
1.239000000000000000e+03
1.240000000000000000e+03
1.241000000000000000e+03
1.242000000000000000e+03
1.243000000000000000e+03
1.244000000000000000e+03
1.245000000000000000e+03
1.246000000000000000e+03
1.247000000000000000e+03
1.250000000000000000e+03
1.251000000000000000e+03
1.253000000000000000e+03
1.257000000000000000e+03
1.263000000000000000e+03
1.267000000000000000e+03
1.270000000000000000e+03
1.271000000000000000e+03
1.272000000000000000e+03
1.275000000000000000e+03
1.283000000000000000e+03
1.284000000000000000e+03
1.285000000000000000e+03
1.286000000000000000e+03
1.296000000000000000e+03
1.304000000000000000e+03
1.308000000000000000e+03
1.312000000000000000e+03
1.321000000000000000e+03
1.326000000000000000e+03
1.330000000000000000e+03
1.335000000000000000e+03
1.337000000000000000e+03
1.339000000000000000e+03
1.341000000000000000e+03
1.343000000000000000e+03
1.344000000000000000e+03
1.345000000000000000e+03
1.346000000000000000e+03
1.347000000000000000e+03
1.360000000000000000e+03
1.369000000000000000e+03
1.381000000000000000e+03
1.382000000000000000e+03
1.387000000000000000e+03
1.398000000000000000e+03
1.407000000000000000e+03
1.411000000000000000e+03
1.413000000000000000e+03
1.415000000000000000e+03
1.416000000000000000e+03
1.417000000000000000e+03
1.418000000000000000e+03
1.421000000000000000e+03
1.422000000000000000e+03
1.423000000000000000e+03
1.424000000000000000e+03
1.433000000000000000e+03
1.435000000000000000e+03
1.439000000000000000e+03
1.441000000000000000e+03
1.446000000000000000e+03
1.448000000000000000e+03
1.452000000000000000e+03
1.454000000000000000e+03
1.460000000000000000e+03
1.466000000000000000e+03
1.475000000000000000e+03
1.476000000000000000e+03
1.484000000000000000e+03
1.487000000000000000e+03
1.488000000000000000e+03
1.489000000000000000e+03
1.490000000000000000e+03
1.491000000000000000e+03
1.492000000000000000e+03
1.493000000000000000e+03
1.494000000000000000e+03
1.496000000000000000e+03
1.498000000000000000e+03
1.499000000000000000e+03
1.502000000000000000e+03
1.503000000000000000e+03
1.504000000000000000e+03
1.505000000000000000e+03
1.506000000000000000e+03
1.508000000000000000e+03
1.514000000000000000e+03
1.520000000000000000e+03
1.525000000000000000e+03
1.526000000000000000e+03
1.527000000000000000e+03
1.528000000000000000e+03
1.531000000000000000e+03
1.533000000000000000e+03
1.536000000000000000e+03
1.539000000000000000e+03
1.540000000000000000e+03
1.541000000000000000e+03
1.544000000000000000e+03
1.547000000000000000e+03
1.548000000000000000e+03
1.549000000000000000e+03
1.553000000000000000e+03
1.555000000000000000e+03
1.556000000000000000e+03
1.557000000000000000e+03
1.558000000000000000e+03
1.559000000000000000e+03
1.561000000000000000e+03
1.563000000000000000e+03
1.564000000000000000e+03
1.565000000000000000e+03
1.566000000000000000e+03
1.568000000000000000e+03
1.569000000000000000e+03
1.570000000000000000e+03
1.572000000000000000e+03
1.573000000000000000e+03
1.574000000000000000e+03
1.576000000000000000e+03
1.577000000000000000e+03
1.578000000000000000e+03
1.581000000000000000e+03
1.583000000000000000e+03
1.598000000000000000e+03
1.599000000000000000e+03
1.600000000000000000e+03
1.601000000000000000e+03
1.602000000000000000e+03
1.603000000000000000e+03
1.605000000000000000e+03
1.606000000000000000e+03
1.607000000000000000e+03
1.608000000000000000e+03
1.610000000000000000e+03
1.611000000000000000e+03
1.612000000000000000e+03
1.613000000000000000e+03
1.614000000000000000e+03
1.615000000000000000e+03
1.616000000000000000e+03
1.617000000000000000e+03
1.618000000000000000e+03
1.621000000000000000e+03
1.623000000000000000e+03
1.628000000000000000e+03
1.629000000000000000e+03
1.630000000000000000e+03
1.631000000000000000e+03
1.632000000000000000e+03
1.679000000000000000e+03
1.692000000000000000e+03
1.695000000000000000e+03
1.700000000000000000e+03
1.702000000000000000e+03
1.704000000000000000e+03
1.733000000000000000e+03
1.735000000000000000e+03
1.737000000000000000e+03
1.738000000000000000e+03
1.745000000000000000e+03
1.756000000000000000e+03
1.759000000000000000e+03
1.761000000000000000e+03
1.763000000000000000e+03
1.767000000000000000e+03
1.768000000000000000e+03
1.771000000000000000e+03
1.775000000000000000e+03
1.776000000000000000e+03
1.777000000000000000e+03
1.800000000000000000e+03
1.801000000000000000e+03
1.803000000000000000e+03
1.805000000000000000e+03
1.806000000000000000e+03
1.807000000000000000e+03
1.810000000000000000e+03
1.819000000000000000e+03
1.826000000000000000e+03
1.828000000000000000e+03
1.829000000000000000e+03
1.832000000000000000e+03
1.833000000000000000e+03
1.835000000000000000e+03
1.848000000000000000e+03
1.849000000000000000e+03
1.852000000000000000e+03
1.853000000000000000e+03
1.856000000000000000e+03
1.878000000000000000e+03
1.884000000000000000e+03
1.891000000000000000e+03
1.896000000000000000e+03
1.901000000000000000e+03
1.904000000000000000e+03
1.915000000000000000e+03
1.917000000000000000e+03
1.918000000000000000e+03
1.919000000000000000e+03
1.922000000000000000e+03
1.926000000000000000e+03
1.931000000000000000e+03
1.937000000000000000e+03
1.940000000000000000e+03
1.941000000000000000e+03
1.944000000000000000e+03
1.946000000000000000e+03
1.948000000000000000e+03
1.951000000000000000e+03
1.962000000000000000e+03
1.963000000000000000e+03
1.971000000000000000e+03
1.972000000000000000e+03
1.981000000000000000e+03
1.982000000000000000e+03
1.983000000000000000e+03
1.987000000000000000e+03
1.988000000000000000e+03
1.990000000000000000e+03
1.991000000000000000e+03
1.993000000000000000e+03
1.994000000000000000e+03
2.024000000000000000e+03
2.025000000000000000e+03
2.044000000000000000e+03
2.045000000000000000e+03
2.046000000000000000e+03
2.047000000000000000e+03
2.048000000000000000e+03
2.049000000000000000e+03
2.050000000000000000e+03
2.051000000000000000e+03
2.052000000000000000e+03
2.053000000000000000e+03
2.054000000000000000e+03
2.064000000000000000e+03
2.073000000000000000e+03
2.078000000000000000e+03
2.079000000000000000e+03
2.080000000000000000e+03
2.081000000000000000e+03
2.082000000000000000e+03
2.084000000000000000e+03
2.085000000000000000e+03
2.086000000000000000e+03
2.087000000000000000e+03
2.088000000000000000e+03
2.089000000000000000e+03
2.090000000000000000e+03
2.091000000000000000e+03
2.100000000000000000e+03
2.103000000000000000e+03
2.107000000000000000e+03
2.111000000000000000e+03
2.113000000000000000e+03
2.116000000000000000e+03
2.127000000000000000e+03
2.138000000000000000e+03
2.139000000000000000e+03
2.140000000000000000e+03
2.141000000000000000e+03
2.142000000000000000e+03
2.144000000000000000e+03
2.157000000000000000e+03
2.158000000000000000e+03
2.160000000000000000e+03
2.164000000000000000e+03
2.167000000000000000e+03
2.169000000000000000e+03
2.170000000000000000e+03
2.172000000000000000e+03
2.174000000000000000e+03
2.180000000000000000e+03
2.181000000000000000e+03
2.182000000000000000e+03
2.183000000000000000e+03
2.185000000000000000e+03
2.186000000000000000e+03
2.188000000000000000e+03
2.189000000000000000e+03
2.209000000000000000e+03
2.220000000000000000e+03
2.221000000000000000e+03
2.222000000000000000e+03
2.223000000000000000e+03
2.224000000000000000e+03
2.225000000000000000e+03
2.226000000000000000e+03
2.227000000000000000e+03
2.228000000000000000e+03
2.229000000000000000e+03
2.230000000000000000e+03
2.232000000000000000e+03
2.233000000000000000e+03
2.250000000000000000e+03
2.251000000000000000e+03
2.253000000000000000e+03
2.254000000000000000e+03
2.256000000000000000e+03
2.262000000000000000e+03
2.263000000000000000e+03
2.264000000000000000e+03
2.265000000000000000e+03
2.266000000000000000e+03
2.271000000000000000e+03
2.273000000000000000e+03
2.274000000000000000e+03
2.275000000000000000e+03
