 pair   stddev     line1     line2             C0             C1             C2             C3   flag   stdlevel
   44    184.0   5247.06   5414.07       6407.209       1572.326         17.475       -140.756      2        opt
   46    144.0   5247.06   5427.81       7061.004       1091.503        -32.571         69.089      2        opt
   69    294.0   5855.08   5866.45       4146.104        3717.22        -16.609       -468.045      1        low
   70    113.0   5855.08   6064.63       5032.511      -1504.126        621.685        -65.125      2        opt
   71    135.0   5855.08   5670.85       3976.572       2082.972       -574.698         67.556      0        opt
   73    230.0   5855.08   5727.05       4014.905       3594.273       -958.518         74.213      0        low
   84    229.0   6056.01   6064.63       4328.557       -1343.78         39.753       -123.807      2        low
   91    238.0   6056.01   6111.65        4377.08      -1492.756        167.289        -63.127      2        low
   94    188.0   6056.01   6224.51       4295.439      -1266.963        -32.439        -58.498      2        opt
   95    207.0   6056.01   6251.83       4541.695      -1521.421        410.886        232.531      2        low
  113    149.0   6733.15   6625.02       5225.518       2284.105         358.24       -831.614      2        opt
  115    121.0   6733.15   6739.52       4874.266      -2336.814        747.255         945.69      2        opt
  116    127.0   6733.15   6707.83       4662.201        759.986        343.288        323.691      2        opt
  117    131.0   6733.15   6587.62       6090.256      -1298.712        210.274         -121.7      2        opt
  121    190.0   6750.16   6587.62       6755.045      -1413.217        151.463        -21.976      2        opt
  126    181.0    4523.4   4562.63       4662.415      -1736.696          197.1        132.507      2        opt
  130    148.0   4537.67   4562.63       5298.531       -2243.12        592.209         456.96      2        opt
  135    147.0   4556.93   4562.63       4979.196      -1969.483        561.901        437.568      2        opt
  137    194.0   4566.52   4562.63       4618.565        1942.32       -559.205        464.047      2        opt
  142    145.0   4593.53   4562.63       4966.332       1766.686        463.107       -385.918      2        opt
  144    156.0   4596.41   4562.63       4838.991       1758.396        477.385       -363.386      2        opt
  173    150.0   4661.54   4562.63       4832.606       1557.862        471.936        -324.78      2        opt
  175    176.0   4661.54   4675.11       3784.476       2329.519       -494.818          44.38      1        opt
  189    147.0   4749.95   4562.63        4885.22        1571.85         444.53       -308.951      2        opt
  201    214.0   4757.58   4562.63       4446.455       2420.197      -1672.433        1021.01      2        low
  215    136.0   4799.41    4997.1       3703.864       2359.475       -646.786         68.736      1        opt
  231    213.0   4802.88    4997.1       4903.145      -2294.232        200.355        154.644      2        low
  233    154.0   4808.15    4997.1       3635.122       3063.188       -957.288        127.436      1        opt
  235    219.0   4809.94    4997.1       3887.742       3568.878      -1228.037        165.194      1        low
  238    238.0   4885.43   5052.15       6452.009       1894.248        402.159          1.113      2        low
  245    140.0   4905.14    4997.1       3824.609        2208.08       -582.486         58.301      1        opt
  249    249.0   4924.77   5052.15         6735.2       2002.046        813.187        146.462      2        low
  259    176.0   4952.65    4997.1       5026.988      -2161.788        617.462        515.423      2        opt
  276    176.0   4962.58    4997.1       5031.055      -2169.758         612.55        513.157      2        opt
  288    243.0    4967.9   5052.15        6602.98       2088.884        817.914        196.739      2        low
  301    215.0    4993.7   5052.15         6210.7       1757.201        237.424         -68.25      2        low
  323    237.0   4994.14   5052.15       5388.339       1646.537       -367.571         27.666      0        low
  326    232.0   5044.22   5052.15       6414.138       1757.334        220.099       -116.296      2        low
  329    188.0   5054.65   5052.15       5872.302      -1437.027        186.373          -3.11      2        opt
  340    237.0   5067.15   5052.15       6467.209      -1943.452        461.556        -37.888      2        low
  358    227.0   5072.68   5052.15       6357.763      -1859.794        310.624         37.692      2        low
  371    306.0   5074.76   5127.36       6641.705        7975.96     -16082.281       6678.126      0        low
  397    242.0   5083.34   5052.15       5421.317       1735.817       -405.534         32.106      1        low
  403    191.0   5088.15   5052.15        5857.72      -1504.918        210.575          0.179      2        opt
  420    249.0   5090.78   5052.15       6745.314      -2313.022       1278.952       -409.104      2        low
  474    229.0   5127.36   5052.15       6679.215      -1705.224        243.012        161.239      2        low
  484    239.0   5141.74   5052.15       6627.146      -1862.479        446.811         40.047      2        low
  497    233.0   5151.91   5052.15       5377.114       1606.962        -350.37         25.628      1        low
  502    235.0   5159.06   5052.15       6436.744      -1928.782        411.313        -13.112      2        low
  516    205.0   5180.06   5052.15        6035.71      -1673.764        227.667         51.855      2        low
  517    188.0   5180.06   5380.32       6365.995       1665.529        269.423          38.68      2        opt
  518    151.0   5180.06    4997.1       5217.882       2170.522        564.097       -486.665      2        opt
  533    216.0   5187.91   5052.15       6214.035       -1756.06        229.616         73.109      2        low
  534    208.0   5187.91   5380.32       6546.873       1744.196        318.496         54.591      2        low
  535    185.0   5187.91    4997.1       4980.861       2139.048        599.073       -480.497      2        opt
  545    266.0   5194.95   5052.15       6972.708      -2289.967        1491.07       -477.854      2        low
  549    258.0   5195.48   5052.15       6845.652      -2473.014       1574.248       -539.015      2        low
  556    292.0   5195.48    5296.7       5659.372      12045.998     -19819.835       7687.879      0        low
  563    238.0   5196.06   5052.15       6467.703      -1952.939        466.359        -42.058      2        low
  564    247.0   5196.06   5380.32       6828.883       2033.255        672.603        200.184      2        low
  569    284.0   5196.06   5247.57       6392.326      -8041.091      -1281.485      30851.463      2        low
  579    145.0   5197.94    4997.1       5549.091       2399.908        473.876       -495.356      2        opt
  589    243.0   5198.72   5052.15       6713.973      -1936.025        661.951        -68.815      2        low
  590    278.0   5198.72   5380.32        7055.68       2059.438        875.294        221.986      2        low
  599    143.0   5223.19   5427.81       6869.504       1526.238         96.271         11.905      2        opt
  600    167.0   5223.19   5052.15       5669.441      -1281.805        156.941        -73.913      2        opt
  601    147.0   5223.19   5380.32       5945.482       1262.844        157.926        104.483      2        opt
  627    264.0   5225.53   5432.95       8332.435      -3457.318        924.988        -80.043      1        low
  631    193.0   5225.53   5414.07       6552.496       1690.632         -33.07       -215.508      2        opt
  632    180.0   5225.53   5425.25       6226.207       1751.024         36.335       -247.673      2        opt
  633    157.0   5225.53   5427.81       7200.666       1152.268        -82.657         32.151      2        opt
  634    192.0   5225.53   5052.15       6181.303      -1254.957         94.243         72.338      2        opt
  635    191.0   5225.53   5380.32       6426.213       1197.283         48.814        -31.665      2        opt
  650    219.0   5228.38   5052.15       6249.944      -1790.705         247.14         68.448      2        low
  651    212.0   5228.38   5380.32       6587.342       1786.131        356.497         70.547      2        low
  668    245.0    5242.5   5052.15         6633.3      -2065.107        813.406       -177.067      2        low
  669    278.0    5242.5   5380.32       7014.579       2223.723       1000.982        295.925      2        low
  674    222.0   5243.78   5052.15       6292.368      -1823.227        267.871         60.234      2        low
  675    218.0   5243.78   5380.32       6633.312       1828.646         399.93         88.659      2        low
  708    187.0   5250.21   5414.07       6453.098       1612.482          4.071       -163.438      2        opt
  709    179.0   5250.21   5425.25        6140.11       1670.605         61.217       -198.716      2        opt
  710    148.0   5250.21   5427.81       7106.306       1113.131        -44.119         59.726      2        opt
  726    100.0   5253.02   5427.81       6359.549       1042.498         93.514        124.444      2        opt
  727    122.0   5253.02   5052.15       5473.965       -976.811         37.769       -100.789      2        opt
  728    108.0   5253.02   5380.32       5698.467        943.587         32.149        116.642      2        opt
  729    282.0   5253.47   5427.81       8022.135       1518.747       -659.904       -291.481      2        low
  730    238.0   5253.47   5052.15       6497.651      -1860.764        359.416         48.869      2        low
  731    251.0   5253.47   5380.32       6832.888       1900.918         509.87         96.658      2        low
  737    204.0   5288.53   5380.32        6506.23       1649.952        247.881         33.637      2        low
  741    138.0   5293.96    5219.7        3955.12       2163.498       -597.424         62.275      0        opt
  748    121.0   5294.55   5427.81       6400.764       1293.368        168.808        117.372      2        opt
  749    114.0   5294.55   5380.32       5614.169       1088.185          71.37        167.239      2        opt
  761    143.0   5361.62    5219.7        5207.27       2062.049        522.328       -404.299      2        opt
  766    219.0   5373.71   5380.32       6653.294       1875.514        439.095        103.187      2        low
  768    266.0   5373.71   5490.16       3696.959        999.462       -131.205          6.611      1        low
  779    225.0   5379.58   5427.81       7748.052       1698.895       -392.579       -228.697      2        low
  780    212.0   5379.58   5380.32       6566.259       1691.931        274.407         42.368      2        low
  788    274.0   5389.48   5380.32       7027.963      -2324.843       1102.205       -363.382      2        low
  794    143.0   5395.22   5380.32        5737.37      -1291.595        160.296       -150.992      2        opt
  800    246.0   5398.28   5380.32       6834.698      -2062.595        690.371        -208.69      2        low
  802    298.0   5398.28   5247.57       3584.867        1480.05       2276.268       -984.613      0        low
  807    155.0   5401.27    5219.7       4034.459       2475.052       -788.754         95.022      0        opt
  812    168.0   5406.78   5380.32       6109.524      -1493.626         225.15        -68.316      2        opt
  818    203.0   5409.14   5380.32       6514.515      -1754.073        319.326        -53.487      2        low
  824    167.0   5417.04   5380.32       6092.658      -1490.746        226.794        -71.981      2        opt
  829    238.0   5432.95   5380.32       6786.985      -2006.501        605.372       -173.666      2        low
  833    175.0    5436.3   5380.32       6207.498      -1556.176        237.527        -54.582      2        opt
  837    138.0   5436.59   5427.81       6963.513      -1326.782         38.249        -46.488      2        opt
  843    154.0   5461.55   5380.32       5896.413      -1378.497        197.911       -113.433      2        opt
  844    134.0   5461.55   5670.85       5361.235       -2382.64        969.678        146.083      2        opt
  847    169.0   5464.28   5380.32       6143.264       -1476.77        211.179        -62.662      2        opt
  865    179.0   5522.45   5380.32       6264.279      -1565.362        230.142        -45.712      2        opt
  866    182.0   5522.45   5670.85       4850.399      -1969.761        871.571        180.409      2        opt
  868    144.0   5522.45   5727.05       5491.196      -3323.088       1420.251        742.469      2        opt
  874    157.0   5538.52   5427.81        7096.12      -1609.724          7.023         48.513      2        opt
  876    217.0   5543.94   5380.32       6623.496       -1815.19        379.761        -81.147      2        low
  884    172.0   5546.51   5727.05       3662.713       1926.811       -394.167         33.533      1        opt
  887    133.0    5547.0   5670.85       5271.063      -2414.466       1079.287        150.746      2        opt
  889    189.0    5547.0   5727.05       3864.083       2869.815       -317.214          -73.5      1        opt
  896    197.0   5560.22   5380.32       6450.521      -1719.195        290.673        -43.724      2        opt
  913    180.0   5577.03   5670.85       4093.365       3484.824       -1615.04        310.319      1        opt
  915    297.0   5577.03   5727.05       4207.072       5496.192      -2050.307         78.651      1        low
  923    152.0   5584.77   5427.81       7025.985      -1573.393         34.925         26.611      2        opt
  924    157.0   5584.77   5380.32       6061.384      -1326.252        162.601        -81.483      2        opt
  937    194.0   5594.66   5727.05       5102.716      -2610.146       1168.836        620.875      2        opt
  965    148.0   5635.83   5727.05       3759.828       2649.831       -563.536         46.448      1        opt
  984    134.0   5649.99   5490.16       5172.699       2078.272       1021.802         17.163      2        opt
  999    271.0   5651.47   5727.05       4056.845       3848.475       -410.424       -278.191      1        low
 1004    204.0   5652.32   5727.05       3907.841       2989.458       -285.811       -111.258      1        low
 1013    133.0   5661.35   5670.85       3897.518       2132.195       -579.372         71.859      1        opt
 1015    239.0   5661.35   5727.05       3975.886       3224.863         -53.95       -284.994      1        low
 1062    229.0    5720.9   5703.59       4045.744       4027.308      -1374.538        184.538      0        low
 1069    202.0   5731.77   5727.05       3599.683       1812.907       -354.633         28.076      0        low
 1073    168.0   5738.24   5670.85       3964.766       3072.719      -1031.889        173.103      0        opt
 1081    162.0   5741.85   5727.05       3814.957       2741.354       -505.474          18.93      0        opt
 1093    179.0   5752.04   5727.05        5185.26       2671.914        1171.28        -576.06      2        opt
 1126    175.0   5806.73   5727.05       3753.067       1743.681       -331.127         25.375      0        opt
 1159    159.0   5852.22   5866.45       3858.554       2660.457       -541.506         35.405      1        opt
 1162    141.0   5852.22   5727.05       3794.087       2347.842       -552.548         55.511      0        opt
 1187    198.0   5856.09   5866.45       3952.242       2594.574         231.34       -274.526      1        opt
 1188    149.0   5856.09   6064.63       4749.924      -1371.477        545.253        -63.385      2        opt
 1189    140.0   5856.09   5670.85       5114.109       2174.197        988.042       -136.418      2        opt
 1191    154.0   5856.09   5727.05       3804.846       2689.742        -547.19         37.804      0        opt
 1212    110.0   5902.48   6064.63       5328.109      -1750.734        765.797       -143.535      2        opt
 1214    300.0   5902.48   5727.05       4151.799       4435.106        -97.966       -755.335      0        low
 1219    125.0   5902.48   6111.65       5566.788      -2133.821        869.454        -80.669      2        opt
 1224    205.0   5905.68   6064.63       4465.565      -1259.789        245.054        -74.413      2        low
 1231    210.0   5905.68   6111.65       4526.397      -1430.101        391.829          5.632      2        low
 1234    283.0   5916.26   6125.02       6634.511       3574.034       1733.404        300.767      2        low
 1239    155.0   5927.79   5866.45        3856.96       2563.327       -571.475         50.619      0        opt
 1240    163.0   5927.79   6064.63       4646.059      -1264.577        461.564         -9.023      2        opt
 1242    142.0   5927.79   5727.05        3815.55       2188.496       -495.862         47.153      0        opt
 1248    164.0   5927.79   6135.36       4670.301      -1375.628        516.319         31.573      2        opt
 1254    157.0   5929.68   6064.63       4683.103      -1293.429        481.496        -24.329      2        opt
 1262    158.0   5929.68   6135.36       4711.396      -1410.149        536.872         17.143      2        opt
 1297    263.0    5956.7   6127.91       8424.902      -3497.603        921.897        -77.755      1        low
 1302    100.0    5956.7   6158.17       6690.914        861.961          4.004         83.741      2        opt
 1303    230.0    5956.7   5753.64       5892.172      -2107.826        292.657        269.401      2        low
 1304    197.0    5956.7   5772.15       5746.284      -2328.175        326.181        425.766      2        opt
 1307    243.0    5956.7   6125.02       6260.809       2160.431        242.353       -206.161      2        low
 1308    239.0    5956.7   6142.49       6213.497       2150.838        245.142       -214.451      2        low
 1309    226.0    5956.7   6145.02       6055.655        2135.37        259.586       -248.123      2        low
 1310    130.0    5956.7   6052.67       6607.929       1084.189        102.734        111.832      2        opt
 1311    242.0    5956.7   5805.22       3700.068       3328.378      -1076.586        126.722      1        low
 1321    228.0   5983.69   6064.63       4363.243      -1408.048        -83.223       -213.534      2        low
 1339    262.0   5984.82   6111.65       4241.721      -1651.155       -113.146       -170.716      2        low
 1357    226.0   5987.07   6135.36       4359.489      -1390.799        147.922        -84.135      2        low
 1364     76.0   6005.55   6158.17       6357.132        884.289         40.799         96.708      2        opt
 1365    131.0   6005.55   6125.02       5449.434       1884.434        675.451        153.426      2        opt
 1366    131.0   6005.55   6142.49       5408.442       1861.642         663.34        135.862      2        opt
 1367    130.0   6005.55   6145.02       5268.338       1799.319        641.126         83.002      2        opt
 1369     91.0   6005.55   6052.67       6193.115       1038.445        150.283        170.979      2        opt
 1394    250.0   6027.06   6111.65       4391.407      -1955.595       -787.206        -661.45      2        low
 1400    110.0   6034.04   6120.25       5314.309      -2095.537          33.29        710.246      2        opt
 1401     73.0   6034.04   6158.17       6057.648        982.645         56.186        124.942      2        opt
 1404    116.0   6034.04   6064.63       5702.217      -2289.412       1174.456       -291.147      2        opt
 1405    197.0   6034.04   6126.22       4055.239       4682.593      -1780.596        283.426      1        opt
 1408    308.0   6034.04   6090.21       9200.958      -9866.999       7408.161      -2053.662      2        low
 1412    116.0   6034.04   6224.51        5430.77      -1531.421        389.476        -15.883      2        opt
 1416     66.0   6035.34   6158.17       5926.101          950.4         29.018        128.264      2        opt
 1431     74.0   6054.08   6158.17       6070.465        993.673         59.925        125.433      2        opt
 1459    236.0   6078.49   6064.63        4275.68       1356.468          3.726        130.679      2        low
 1466    247.0   6078.49   6111.65       4319.779       -1505.63        131.372        -64.259      2        low
 1467    242.0   6078.49   6135.36       4266.481      -1499.719        -57.306       -161.737      2        low
 1469    193.0   6078.49   6224.51       4245.983      -1277.381        -65.413        -74.848      2        opt
 1470    215.0   6078.49   6251.83       4487.908      -1507.391        399.962        221.098      2        low
 1481    170.0   6079.01   6064.63       4615.924       1246.024         426.24         23.108      2        opt
 1483    155.0   6079.01   6258.11       3875.176       2174.083        -18.465        -89.706      1        opt
 1489    172.0   6079.01   6135.36       4636.407      -1354.333        480.158           14.2      2        opt
 1492    153.0   6079.01   6251.83        4887.12      -1586.111        449.137        243.858      2        opt
 1496     88.0   6082.72   6158.17       6540.038        917.431         36.281         88.702      2        opt
 1499    164.0   6082.72   6145.02       5625.473       2119.797        661.687        -71.724      2        opt
 1502    157.0   6082.72   6243.82       5490.052       2056.311        659.355       -102.644      2        opt
 1509    143.0   6089.57   6064.63       4760.129       1317.624        514.799         31.303      2        opt
 1511    210.0   6089.57   6258.11       4054.252       2087.888       1175.413       -636.468      1        low
 1515    130.0   6089.57   6090.21       3874.043       2233.204       -545.415         56.528      1        opt
 1516    143.0   6089.57   6111.65       4872.066      -1559.853        630.669         36.192      2        opt
 1517    143.0   6089.57   6135.36       4795.972      -1436.923        567.166          5.858      2        opt
 1520    135.0   6089.57   6251.83       5083.136      -1682.369        421.195         231.57      2        opt
 1529    109.0   6094.38   6064.63        5111.36       1540.841        644.062         91.473      2        opt
 1536    117.0   6094.38   6111.65       5295.839       -1868.43        737.831        -23.206      2        opt
 1550    149.0   6096.67   6251.83       4965.277       -1769.52        492.413        255.479      2        opt
 1555     93.0   6098.25   6158.17       6361.994       1125.763        102.349         89.496      2        opt
 1559    108.0   6098.25   6064.63       5225.894       1662.892        730.826        132.042      2        opt
 1560    146.0   6098.25   6126.22       4037.496       2990.397      -1107.405        188.287      1        opt
 1565    220.0   6098.25   6090.21       4048.393       3961.881      -1305.704        168.395      0        low
 1567    113.0   6098.25   6135.36       5310.632      -1831.661        769.416        -91.338      2        opt
 1570    145.0   6098.25   6251.83       5665.333      -1959.101        387.503        165.538      2        opt
 1582     40.0   6120.25   6158.17       5809.408        622.379        -17.088         72.635      2        opt
 1587     81.0   6120.25   6142.49       4877.149       1087.708        129.375        -24.402      2        opt
 1590     98.0   6120.25   6237.33       4513.852       1034.933         309.45       -116.619      2        opt
 1591     85.0   6120.25   6243.82       4711.383       1070.289        195.774        -62.417      2        opt
 1592     86.0   6120.25   6244.48       4692.635       1067.752        205.166        -68.146      2        opt
 1593     48.0   6120.25   6052.67         5636.0       -693.411        -20.938        -88.359      2        opt
 1594     86.0   6120.25   5996.73       4882.209       -1555.52        231.652        216.112      2        opt
 1595    141.0   6120.25   6086.29       4319.407      -1561.232         34.618        -34.165      2        opt
 1596    117.0   6120.25   6111.08       4470.876      -1559.163        229.152        121.501      2        opt
 1601    105.0   6120.25   6186.72       4568.577        1541.23        296.229       -188.729      2        opt
 1603     98.0   6120.25   6223.99       4645.976       1545.496         300.76       -210.698      2        opt
 1609    201.0   6127.91   6064.63       4548.563       1337.946         98.668        280.126      2        low
 1611    204.0   6127.91   6039.73       4638.221       1573.284        364.962        146.641      2        low
 1615    202.0   6127.91   6135.36       4562.488      -1463.293        105.992       -288.552      2        low
 1618    174.0   6127.91   6251.83       4799.924      -1664.112        411.853        215.991      2        opt
 1621    180.0   6127.91   6330.13       4976.898       -2280.09        898.689        419.065      2        opt
 1623    110.0   6151.62   6158.17       6774.109       1015.493         28.333         70.059      2        opt
 1625    236.0   6151.62   6142.49       4191.471       2954.546       -983.008        132.171      1        low
 1629    200.0   6151.62   6243.82       4132.335       2225.543       -546.487         52.552      0        opt
 1631    137.0   6151.62   6052.67        6699.56      -1328.722        239.044       -145.697      2        opt
 1636    235.0   6157.73   6064.63       4386.044       1653.521       -648.879        588.448      2        low
 1641    242.0   6157.73   6111.65        4446.14       1818.727        -544.04        569.696      2        low
 1645    207.0   6157.73   6251.83       4631.159      -1713.969         32.643        -34.007      2        low
 1651     84.0   6159.38   6158.17       6206.499      -1070.615         89.047       -112.103      2        opt
 1656    110.0   6159.38   6064.63       5462.471       1858.132        835.002        183.536      2        opt
 1660    133.0   6159.38   6039.73       5795.239       2383.544       1020.538        140.958      2        opt
 1663    128.0   6159.38   6111.65       5730.369       2269.251        952.368        131.367      2        opt
 1664    118.0   6159.38   6135.36       5570.929       2040.117        871.635        149.596      2        opt
 1667    159.0   6159.38   6251.83        5932.51      -2073.121        410.258        116.217      2        opt
 1676    188.0   6165.36   6064.63       4598.028       1312.356        261.599        212.817      2        opt
 1682    189.0   6165.36   6135.36       4616.694       1435.575        299.317        198.646      2        opt
 1685    162.0   6165.36   6251.83       4867.335      -1685.397        451.782        241.746      2        opt
 1688    161.0   6165.36   6330.13       5073.971      -2375.327        946.525        448.017      2        opt
 1697    300.0   6173.34   6244.48       4133.048       3183.475       -821.523         75.053      0        low
 1700    129.0   6180.21   6158.17       6954.453      -1147.995         23.516        -45.153      2        opt
 1710    177.0   6187.99   6251.83       4797.365      -1699.183        375.154        168.424      2        opt
 1743    135.0   6220.79   6251.83       5526.654      -2200.964        585.175        217.224      2        opt
 1748    102.0   6226.74   6158.17        6609.43       -1134.24         81.919        -71.673      2        opt
 1753    132.0   6226.74   6251.83       5165.226      -1935.644        534.524        276.059      2        opt
 1757    102.0   6229.24   6158.17       6670.368      -1039.671         50.036        -73.935      2        opt
 1759    179.0   6229.24   6414.99       5721.595       2395.584       1067.849         135.96      2        opt
 1760    123.0   6229.24   6052.67       6560.244      -1331.369        288.179       -181.341      2        opt
 1770    108.0   6240.65   6158.17       6756.923      -1010.495         30.417        -71.143      2        opt
 1776    195.0   6240.65   6243.82       4132.985       2160.941       -518.188         48.552      0        opt
 1778    219.0   6240.65   6414.99       5983.593       2438.773        794.251        -38.274      2        low
 1779    134.0   6240.65   6052.67       6677.489      -1315.642         237.09       -147.534      2        opt
 1792    125.0   6270.23   6158.17       6914.743      -1144.566         29.664        -46.954      2        opt
 1795    283.0   6290.98   6358.68        3185.04       4442.441      -1451.304        163.826      1        low
 1806    225.0   6290.98   6111.65       4446.224       1431.517        271.999         32.424      2        low
 1807    222.0   6290.98   6135.36       4395.385       1392.225        120.747        114.196      2        low
 1810    196.0   6290.98   6251.83        4606.98       1505.625        430.652       -233.807      2        opt
 1847    123.0   6315.81   6158.17       6861.903      -1263.137         61.817        -32.243      2        opt
 1851    176.0   6315.81   6135.36        4667.97       1443.682        417.038        172.928      2        opt
 1854    151.0   6315.81   6251.83       4934.229       1717.428        476.089       -241.235      2        opt
 1857    146.0   6315.81   6330.13        5177.32      -2515.627       1003.821        465.179      2        opt
 1885    273.0   6336.83   6224.51       3570.074       2251.826      -1076.035        446.576      2        low
 1892    182.0   6358.68   6149.25       6556.897      -1875.285        -43.968        338.402      2        opt
 1893    185.0   6358.68   6238.39       6384.482      -1895.539         -6.655        352.283      2        opt
 1895    194.0   6358.68   6247.56       6243.207      -1914.721          21.29        363.334      2        opt
 1897    182.0   6358.68   6416.93       6461.956       1885.437        -15.944        -343.71      2        opt
 1898    195.0   6358.68   6442.97       7605.864       1376.614       -381.173       -188.151      2        opt
 1899    208.0   6358.68   6456.39        6076.52       1951.656         62.331       -385.413      2        low
 1910    233.0   6358.68   6176.82       3461.425       4018.415      -1054.472          57.94      1        low
 1920    169.0   6380.75   6587.62       6574.667       1534.435        265.534         72.389      2        opt
 1924    179.0   6380.75   6251.83       4766.127       1631.866        383.831       -188.914      2        opt
 1931    101.0   6385.72   6587.62       5628.177       1089.448         70.764        214.607      2        opt
 1945    107.0   6392.54   6442.97       6304.233       1062.629        139.369        122.601      2        opt
 1946     84.0   6392.54   6587.62       5834.491        851.691         34.955        110.967      2        opt
 1949    125.0   6392.54   6243.82       5045.113      -1536.677        441.883        -18.739      2        opt
 1950    126.0   6392.54   6244.48       5019.597      -1530.183        445.486        -10.775      2        opt
 1952    118.0   6392.54   6527.21       5195.689       1479.148        392.772         71.343      2        opt
 1953    123.0   6392.54   6583.71       5822.697       1698.299        478.465        231.602      2        opt
 1965    167.0   6481.88   6587.62       6583.974       1278.914        117.688         44.755      2        opt
 1975    121.0   6498.94   6587.62       6209.003        900.831         37.178         83.797      2        opt
 1978    202.0   6498.94   6414.99       5830.848      -1820.472        273.644        148.723      2        low
 1979    201.0   6498.94   6527.21       5870.614       1828.047         270.61       -140.872      2        low
 1991    163.0   6581.21   6713.05       5413.577       2724.666        417.711      -1117.319      2        opt
 2005    261.0   6593.88   6442.97        7991.69      -1510.291       -743.133        370.691      2        low
 2006    216.0   6593.88   6587.62       6930.769      -1570.611        261.851        -22.112      2        low
 2013    106.0   6608.03   6442.97       6292.768      -1054.108        136.287        -121.25      2        opt
 2014     83.0   6608.03   6587.62       5826.854       -848.871         32.951       -109.544      2        opt
 2015    118.0   6608.03   6414.99       5150.075      -1465.217        381.023        -51.408      2        opt
 2016    117.0   6608.03   6527.21        5184.72      -1471.468        380.282         -68.06      2        opt
 2018    118.0   6608.03   6721.85         5097.0       1442.117         389.02         59.213      2        opt
 2019    117.0   6608.03   6741.63       5828.246        1676.33         469.09        237.651      2        opt
 2021    174.0   6609.12   6587.62       6639.778      -1345.436        140.619        -43.288      2        opt
 2025    303.0   6609.12   6721.85       6563.233       3754.266       2071.683        418.992      2        low
 2028    147.0   6625.02   6627.55       5156.028       2328.245        424.528       -912.696      2        opt
 2029    225.0   6625.02   6653.86       3752.438       4152.489      -2128.253        423.108      0        low
 2033    227.0   6625.02    6713.2       3753.144        4292.64      -2262.764        464.276      0        low
 2034    164.0   6625.02   6713.74       5459.093       2226.888        175.767       -687.533      2        opt
 2035    177.0   6625.02   6725.36       5614.775       2712.818         44.672      -1235.088      2        opt
 2036    173.0   6625.02   6726.67       6864.318        -3768.9       1724.934       -263.917      1        opt
 2037    219.0   6625.02   6732.07       3840.702       5274.756      -3578.138        908.235      0        low
 2040    148.0   6625.02   6752.71         4920.0       2200.554        600.686       -847.683      2        opt
 2043    180.0   6625.02   6810.27       4556.135       2131.988        492.073       -514.313      2        opt
 2044    156.0   6625.02   6820.37       4780.181       2138.541        658.712       -771.458      2        opt
 2045    209.0   6625.02   6833.23       3891.983       4146.874       -2271.63        460.155      0        low
 2046     88.0   6625.02   6442.97       6171.028       -839.035         67.508       -111.067      2        opt
 2047     76.0   6625.02   6587.62       5791.878       -731.688          -5.61        -85.487      2        opt
 2048    127.0   6625.02   6527.21       5245.392      -1245.984        189.491         28.022      2        opt
 2049    126.0   6625.02   6583.71        5745.54      -1285.283        145.474         -80.91      2        opt
 2050    124.0   6625.02   6721.85       5172.323       1239.966        207.242        -39.453      2        opt
 2051    123.0   6625.02   6741.63       5761.954       1278.733         149.84         89.117      2        opt
 2052     73.0   6625.02   6757.17       5824.621        767.208         22.211        103.126      2        opt
 2054    136.0   6625.02    6598.6       5379.467      -1946.341        274.455        343.056      2        opt
 2055    137.0   6625.02   6635.13       5436.485       1882.168        248.058       -284.388      2        opt
 2056    140.0   6627.55   6710.32       5070.042      -2572.726        668.696       1137.758      2        opt
 2057    136.0   6627.55   6707.83       4636.709       -741.279        308.436       -352.607      2        opt
 2058    132.0   6627.55   6587.62       6119.993      -1302.208        212.597        -117.09      2        opt
 2063     68.0   6646.94   6587.62       5641.068       -834.996          8.123       -112.081      2        opt
 2064     95.0   6646.94   6527.21       4872.012      -1367.792         262.66        -132.25      2        opt
 2066    101.0   6646.94   6721.85       4784.439       1353.523        277.321        112.689      2        opt
 2070     86.0   6653.86   6587.62       5624.703      -1003.436         37.734       -187.214      2        opt
 2077     87.0   6699.15   6587.62       5510.374      -1048.645           -2.8       -220.179      2        opt
 2083    167.0   6703.57   6527.21       5706.622      -2281.204        904.131        -74.599      2        opt
 2086    209.0   6703.57   6741.63        6745.27       3106.669       1504.155        470.932      2        low
 2087    115.0   6703.57   6757.17       6253.318       1194.185        229.782        154.928      2        opt
 2088    182.0   6705.11   6710.32       4503.399      -2378.303        433.001        433.883      2        opt
 2091    161.0   6705.11   6587.62       6500.119      -1543.952        272.409        -73.744      2        opt
 2101    148.0   6710.32   6752.71       4809.707       2378.014        817.768       -946.554      2        opt
 2102    193.0   6710.32   6793.26       3745.284       3521.994      -1536.091         258.74      0        opt
 2103    195.0   6710.32   6810.27       4410.885        2479.89         34.537       -120.515      2        opt
 2104    162.0   6710.32   6820.37       4660.789       2314.885        756.963       -754.133      2        opt
 2114    121.0   6710.32   6527.21       5207.951      -1305.776        240.304          2.806      2        opt
 2122    125.0   6713.05   6757.17       6108.859       1414.621        415.544        270.275      2        opt
 2127     84.0    6713.2   6757.17       5642.786       1047.088        102.297        277.061      2        opt
 2131    126.0   6713.74   6587.62       5964.539      -1251.912        193.467        -147.23      2        opt
 2141    163.0   6726.67   6587.62       6516.552       -1553.27        275.008        -73.336      2        opt
 2147     85.0   6732.07   6587.62       5485.962      -1046.255        -14.749       -219.824      2        opt
 2152    145.0   6739.52   6752.71       4557.859       2201.582        762.135       -676.342      2        opt
 2157    129.0   6739.52   6837.01       5324.671       2510.949        372.107       -914.955      2        opt
 2159    125.0   6739.52   6855.72        5255.26       2478.733         426.52       -914.653      2        opt
 2161    126.0   6739.52    6862.5       4737.164       2307.315        826.171       -892.762      2        opt
 2163     67.0   6739.52   6587.62       5692.766       -750.236         -4.129        -89.879      2        opt
 2165    105.0   6739.52   6721.85       4993.714      -1218.843        227.804          1.838      2        opt
 2166     99.0   6739.52   6741.63       5592.582       1280.288         183.76        138.393      2        opt
 2167     64.0   6739.52   6757.17       5722.895        785.212         23.623        108.763      2        opt
 2168     77.0   6745.11   6707.83       5116.955       1259.102        809.299        353.132      2        opt
 2169     88.0   6745.11   6587.62        5532.53       -1049.26          6.255       -219.189      2        opt
 2184    118.0   6786.86   6757.17       6112.903      -1333.788        350.242       -236.393      2        opt
 2194    190.0   6810.27   6707.83       4479.758        719.288       -168.357        480.155      2        opt
 2207    102.0   6839.84   6757.17       6115.679      -1061.703        174.346       -160.316      2        opt
 2208    162.0   6842.69   6707.83       4551.202        679.173         97.416        397.129      2        opt
 2213    116.0   6855.72   6757.17       5944.651      -1288.203        323.153       -289.481      2        opt
 2224     81.0   6864.32   6757.17        5461.67      -1083.052          2.251       -321.341      2        opt
 2247    143.0   5414.07    5219.7        5756.78        1083.92        177.825          35.78      2        opt
 2256     94.0   5427.81    5520.5       5924.855       -933.045        162.805        -77.387      2        opt
 2259    106.0   5427.81   5490.16       6423.214      -1091.683        146.611        -84.301      2        opt
 2263    119.0   5427.81   5238.97       6384.207       1258.999          200.4         70.163      2        opt
 2264    228.0   5427.81   5247.57       7779.962       1379.703       -569.791       -277.425      2        low
 2265    127.0   5427.81   5287.18       6207.907        1298.52        265.493         75.276      2        opt
 2266    276.0   5427.81    5296.7       7995.797       1272.252       -847.959       -391.999      2        low
 2269    135.0   5427.81   5352.05       6719.695        1452.22        110.775         69.164      2        opt
 2270    158.0   5427.81   5435.86       7190.705      -1401.758        -58.098         -14.15      2        opt
 2271    157.0   5427.81   5578.72       7189.285      -1352.359        -57.634        -26.298      2        opt
 2272    159.0   5427.81   5587.87        7200.68      -1392.537        -61.827        -14.169      2        opt
 2288    135.0   6149.25   6251.83       5410.521       -839.178        146.067        -76.935      2        opt
 2290    124.0   6149.25   6285.17       5290.336       -753.103        126.772        -85.028      2        opt
 2297    146.0   6238.39   6251.83       5317.704       -841.512        143.004        -64.989      2        opt
 2299    134.0   6238.39   6285.17       5203.866       -754.606        123.138         -75.05      2        opt
 2306    111.0   6239.94   6251.83       5844.712       -877.531        153.664        -93.415      2        opt
 2308    104.0   6239.94   6285.17       5691.209       -785.011         138.98        -96.453      2        opt
 2315    157.0   6247.56   6251.83       5236.862       -853.566        140.333        -49.972      2        opt
 2317    144.0   6247.56   6285.17       5127.607       -764.933        120.295        -61.602      2        opt
 2325    116.0   6407.29   6285.17       5377.468        747.293        133.594         91.614      2        opt
 2333    128.0   6416.93   6285.17       5246.821        744.455        126.058         82.315      2        opt
 2348     92.0   6442.97   6251.83       6138.071        838.098        111.227          85.78      2        opt
 2349     84.0   6442.97   6274.66       5931.581        743.837         100.14         81.051      2        opt
 2359    155.0   6456.39   6285.17       5039.344        775.126        119.879         44.416      2        opt
 2364    168.0   6707.83   6696.03       4217.078      -1685.903      -1455.432      -1301.314      2        opt
 2365    106.0   6707.83   6698.67       4472.014      -1335.788       -217.032       -782.298      2        opt
 2366     78.0   6707.83   6527.21       4819.699       -660.877        195.798         -88.75      2        opt
 2367     56.0   6707.83   6583.71       5118.497       -760.366        264.956       -123.962      2        opt
 2368     84.0   6707.83   6721.85       4778.783        639.398        190.792         92.306      2        opt
 2369     55.0   6707.83   6741.63       5131.792        761.254        267.647         125.59      2        opt
 2370     54.0   6707.83   6757.17       5365.732        617.764        124.914         57.102      2        opt
 2371     68.0   6707.83   6661.08       4801.066      -1346.574        625.306       -256.769      2        opt
 2373    117.0   6707.83    6598.6       4776.072       -794.841        349.074       -227.728      2        opt
 2375    195.0   6707.83   6772.32       4529.543        711.736       -190.316        506.492      2        opt
 2376    133.0   6707.83   6842.04       4743.317        799.088        365.208        311.079      2        opt
 2379    132.0   5052.15    4997.1       5693.287        892.213         96.504         31.378      2        opt
 2380    178.0   5052.15   5016.17       6140.599       1364.186        187.877        -95.443      2        opt
 2381    183.0   5052.15   5039.96        6278.47       1393.264        156.989       -137.934      2        opt
 2382     88.0   5052.15   5064.06       5072.276       -758.855        139.927       -107.771      2        opt
 2383    139.0   5052.15   5071.49       5656.851       -996.582        171.457        -63.928      2        opt
 2385    151.0   5052.15   5145.47       5773.276      -1096.573         192.12        -32.515      2        opt
 2392    126.0   5052.15   5238.97       5403.918       -964.907        188.778       -107.285      2        opt
 2398    170.0   5052.15   4976.33       5781.312       1178.019         73.936         53.066      2        opt
 2403    218.0   5052.15   5218.21       6133.394      -1787.093        187.068        111.326      2        low
 2404    143.0   5052.15   5220.09       5310.213      -1389.253          3.885       -151.356      2        opt
 2406    280.0   5052.15   5087.43       6239.278      -2393.769        960.212       -244.454      2        low
 2407    241.0   5052.15   5200.42       5977.799      -2213.037        446.332        213.032      2        low
 2410    278.0   5380.32   5261.71       7191.918       2436.786       1206.454        329.781      2        low
 2412    240.0   5380.32   5512.98       6995.028      -2184.819        761.477       -121.441      2        low
 2416    109.0   5380.32   5490.16       5753.853       -913.378         130.73        -85.754      2        opt
 2420    290.0   5380.32   5418.77       6786.488      -2970.433       2095.099      -1184.895      2        low
 2421    126.0   5380.32   5214.14        5641.03       1089.471        242.295        107.794      2        opt
 2422    111.0   5380.32   5238.97       5634.416        989.369        183.515        107.783      2        opt
 2425    244.0   5380.32    5296.7       6931.137       1752.689        383.393        -26.448      2        low
 2428    166.0   5380.32   5399.47       6150.363      -1469.306        260.352        -51.973      2        opt
 2429    140.0   5380.32   5413.67       5774.247      -1218.036        225.309       -116.305      2        opt
 2430    108.0   5380.32   5301.05       5713.546          939.0         -7.547        103.142      2        opt
 2434    118.0   5380.32   5392.33       5428.853      -1369.547        -81.989        -236.63      2        opt
 2436    179.0   5380.32    5462.5        6224.09      -1576.318        164.035        -47.756      2        opt
 2437    188.0   5380.32   5578.72       6309.278      -1298.202         65.433        -35.559      2        opt
 2438    186.0   5380.32   5587.87       6298.227      -1323.381         75.846        -36.932      2        opt
 2439    151.0   5380.32   5589.36       5900.012      -1420.789         98.562       -124.844      2        opt
 2440    209.0   5380.32   5218.21       6473.272        1722.79        243.075         40.869      2        low
 2442    236.0   5380.32   5200.42       6408.257       2167.544        601.326        189.547      2        low
 2444    146.0   6587.62   6696.03       6310.241      -1499.615        344.712        -48.771      2        opt
 2445    135.0   6587.62   6698.67        5964.25      -1263.951         336.01        -88.537      2        opt
 2446    268.0   6587.62   6449.82       7304.223       2205.437         958.07        264.035      2        low
 2447    160.0   6587.62    6455.6       6609.949        1540.35        234.704        -13.182      2        opt
 2449    232.0   6587.62   6499.65       7109.192       1960.606        621.968        122.636      2        low
 2450    195.0   6587.62    6604.6       6603.566      -2085.014        390.777        -85.717      2        opt
 2451     64.0   6587.62   6599.12       5631.295       -679.878         65.087        -67.579      2        opt
 2453    139.0   6587.62   6378.26        6214.11       1382.608        165.363        115.819      2        opt
 2454    128.0   6587.62    6598.6       6057.302      -1318.828        124.986       -148.726      2        opt
 2455    129.0   6587.62   6635.13       6032.707       -1340.02        124.337       -156.799      2        opt
 2457    166.0   6587.62   6772.32       6517.263      -1467.526        180.571        -72.116      2        opt
 2459    108.0   6158.17    6300.3       5590.987      -1161.138         97.029        -93.793      2        opt
 2460    119.0   6158.17   6154.23       6873.245       1384.163         95.822        -26.313      2        opt
 2463    132.0   6158.17   6318.72       7031.113      -1484.133         33.695         69.018      2        opt
 2465    134.0   6158.17   6125.02       6997.698       1520.443         -20.68        -17.317      2        opt
 2480     53.0   6158.17   6064.63        5949.34        694.611          50.87         52.818      2        opt
 2481     71.0   6158.17   6091.18       6205.585        886.314         98.166         74.214      2        opt
 2482     69.0   6158.17   6126.22       6289.197        803.374         56.106         71.121      2        opt
 2483    109.0   6158.17   6258.11       6798.625      -1052.412         46.949        -47.863      2        opt
 2484    105.0   6158.17    6261.1       6759.771      -1033.825         50.846        -51.921      2        opt
 2485     58.0   6158.17   6039.73       6080.392        733.954           49.0         62.112      2        opt
 2487     81.0   6158.17   6090.21        6477.11        873.211         53.078          74.84      2        opt
 2488     57.0   6158.17   6111.65       6056.754        724.949         47.681         59.922      2        opt
 2489     55.0   6158.17   6135.36       5996.087         706.99         47.865         57.491      2        opt
 2490     77.0   6158.17   6216.35       6449.525       -795.253         30.401         -72.86      2        opt
 2492     57.0   6158.17   6251.83       6111.903       -682.754         32.129        -62.436      2        opt
 2493     50.0   6158.17   6274.66       5937.064       -632.988         32.549        -53.001      2        opt
 2494     51.0   6158.17   6285.17       5973.676       -643.019         32.965        -55.694      2        opt
 2495     72.0   6158.17   6330.13       6356.717       -806.228         39.212        -71.549      2        opt
 2496     99.0   6158.17   5996.73       6490.234       1178.876         62.813        102.754      2        opt
 2497     76.0   6158.17   6007.31       6380.407        844.225         -2.049        104.695      2        opt
 2498    142.0   6158.17   6086.29       7014.532       1370.056         38.256         24.145      2        opt
 2499    142.0   6158.17   6108.12       7039.706       1103.564        -11.583         54.703      2        opt
 2500    121.0   6158.17   6111.08       6804.505       1274.691         55.075         54.756      2        opt
 2503    103.0   6158.17   6130.14       6541.902       1198.989         65.904         97.144      2        opt
 2505    190.0   6158.17   6176.82       7362.552      -1461.864         46.943        -32.668      2        opt
 2510     98.0   6158.17    6230.1        6484.97      -1156.627         55.642        -105.68      2        opt
 2511     94.0   6158.17   6322.17        6424.98      -1139.465         48.927       -115.244      2        opt
 2512     93.0   6158.17    6327.6       6599.062       -915.605          7.878        -97.348      2        opt
 2513     94.0   6158.17   6360.81       6428.968      -1143.958          49.21       -113.682      2        opt
 2514    146.0   6158.17   6362.35       6857.002      -1532.817       -175.099       -152.012      2        opt
 2616    145.0   6696.03   6757.17       6438.878       1841.701         746.22        211.473      2        opt
 2644    199.0    5621.6   5727.05       7678.905      -4289.148       2040.906       -393.845      2        opt
 2651    131.0   5645.61    5520.5       4820.617        976.342        458.925        241.629      2        opt
 2660    132.0   5645.61   5727.05       5850.441      -2270.637       1054.057       -183.763      2        opt
 2662    310.0   5645.61   5578.72       3951.093       3470.541       -952.544          85.28      0        low
 2664    133.0   5645.61    5847.0       5249.718      -2232.888        647.538        385.757      2        opt
 2709    132.0   5701.11   5670.85       5262.207       1439.273        542.858         99.023      2        opt
 2711    129.0   5701.11   5727.05       5796.325      -2216.829       1021.511       -173.234      2        opt
 2713    297.0   5701.11   5578.72       3934.013        3322.19        -880.12          76.89      0        low
 2714    291.0   5701.11   5587.87       3915.897       3139.493       -639.074         12.803      0        low
 2725    148.0   5753.64   5866.45       4472.161       1599.496       -317.959         25.143      1        opt
 2741    133.0   5772.15   5866.45       4316.338       1601.818       -310.051         24.456      1        opt
 2744    148.0   5772.15   5670.85       5059.445       1316.433        466.776         43.037      2        opt
 2746    135.0   5772.15   5727.05       5474.859       1878.494        790.854         87.476      2        opt
 2748    232.0   5772.15   5578.72       3838.238       2550.867       -599.223         53.999      0        low
 2754    148.0   5797.87   5671.82       5028.021       1244.559        604.845        196.475      2        opt
 2758    129.0   5797.87   5866.45       4323.405         1929.5       -439.231         42.655      1        opt
 2761    139.0   5797.87   5670.85       5168.768       1381.197        506.215         75.272      2        opt
 2765    253.0   5797.87   5587.87       3861.949       2806.059       -573.804         30.139      0        low
 2767    133.0   5797.87    5847.0       5040.486      -2124.473        734.857        424.502      2        opt
 2768    144.0   5797.87   5748.36       5213.494       2301.137        745.719       -464.137      2        opt
 2799    114.0   6125.02   6126.22        5508.17      -1427.737        538.728       -129.471      2        opt
 2800    179.0   6125.02   6258.11       4498.154       2608.615       -792.144        109.941      1        opt
 2802    111.0   6125.02   6039.73       5249.965       1131.835        358.625        114.374      2        opt
 2804    128.0   6125.02   6090.21       5790.318       1806.298        700.102         121.41      2        opt
 2805    110.0   6125.02   6111.65       5226.405       1099.768        338.822        111.586      2        opt
 2806    106.0   6125.02   6135.36        5161.02       -1029.08        302.937       -110.969      2        opt
 2809    121.0   6125.02   6251.83       5366.783      -1132.317        249.353        -42.671      2        opt
 2825    115.0   6142.49   5965.84       5566.223       1831.854       1057.804        328.875      2        opt
 2832    112.0   6142.49   6039.73       5225.485       1120.926        353.224        108.645      2        opt
 2834    127.0   6142.49   6090.21       5751.217       1777.204        685.098         115.16      2        opt
 2835    111.0   6142.49   6111.65       5202.601       1089.526        333.959        106.055      2        opt
 2838     99.0   6142.49   6224.51       5033.893       -842.097        145.394        -47.324      2        opt
 2839    121.0   6142.49   6251.83       5342.387      -1125.957        247.317        -37.807      2        opt
 2841    112.0   6142.49   6285.17       5193.066        -977.25        195.466        -44.132      2        opt
 2861    147.0   6145.02    6261.1       4452.702       2022.981       -484.872          50.45      1        opt
 2862    116.0   6145.02   6039.73       5140.348       1092.768        340.017         89.619      2        opt
 2865    115.0   6145.02   6111.65       5119.421       1063.848        321.983         87.414      2        opt
 2866    111.0   6145.02   6135.36       5059.854        997.896        289.932         88.233      2        opt
 2869    122.0   6145.02   6251.83       5257.864      -1109.741        244.879        -22.492      2        opt
 2898     98.0   6195.46   6274.66       5447.618       -966.357         182.57        -95.516      2        opt
 2905    243.0   6195.46    6327.6       6557.292      -2470.232        563.797        -59.537      2        low
 2916    138.0   6237.33   6258.11       4356.156       1423.269       -238.507         16.415      1        opt
 2921    135.0   6237.33   6111.65       4880.506        1007.55        307.436         33.104      2        opt
 2926    122.0   6237.33   6274.66       4870.371       -919.753        201.013         14.851      2        opt
 2929    260.0   6237.33   6108.12       3958.001       2467.707       -542.054         43.184      0        low
 2946    120.0   6243.82   6039.73       5069.097       1066.218        331.658         77.433      2        opt
 2948    123.0   6243.82   6090.21       5512.087       1622.845        620.986         88.271      2        opt
 2949    119.0   6243.82   6111.65       5049.952        1039.29        315.086         75.273      2        opt
 2950    115.0   6243.82   6135.36       4993.985         979.55        284.452         74.855      2        opt
 2953    123.0   6243.82   6251.83       5186.327      -1093.482        245.106        -12.458      2        opt
 2957    319.0   6243.82   6108.12        4071.89       3249.014       -940.554        102.111      0        low
 2963    265.0   6244.48   6161.29       4390.485       1665.963        692.962         -14.04      0        low
 2974    121.0   6244.48   6039.73       5052.285       1060.255        330.092         74.442      2        opt
 2977    120.0   6244.48   6111.65       5033.389       1034.764        313.303         71.683      2        opt
 2978    117.0   6244.48   6135.36        4978.11        976.146        283.326         70.908      2        opt
 2981    124.0   6244.48   6251.83       5169.458      -1090.927        245.243         -9.406      2        opt
 2983    117.0   6244.48   6285.17       5039.433       -955.815        199.282        -15.604      2        opt
 2985    313.0   6244.48   6108.12        4062.68       3148.404       -877.218         90.324      0        low
 2988    175.0   6244.48    6327.6       5537.098      -2291.439        581.891         349.48      2        opt
 3006    195.0   6414.99    6327.6       5698.612       2151.978        508.269       -190.185      2        opt
 3009    289.0   6527.21    6455.6       4437.257       1983.396        655.132       -231.023      0        low
 3032    128.0   6741.63   6814.95        5869.91      -1714.496        327.292       -142.881      2        opt
 3034    117.0   6052.67   5867.56        6409.87       1568.516        529.214        171.178      2        opt
 3044     82.0   6052.67   6091.18       6011.116      -1004.582        233.289        -136.38      2        opt
 3045     83.0   6052.67   6126.22       6130.757       -924.032        143.578       -103.839      2        opt
 3046    131.0   6052.67   6258.11       6730.891      -1405.857        287.238       -101.153      2        opt
 3050     98.0   6052.67   6090.21       6341.407       -1053.21        179.062       -113.403      2        opt
 3051     69.0   6052.67   6111.65       5883.613       -796.465         95.857        -87.042      2        opt
 3053     96.0   6052.67   6216.35       6322.731        -948.69        110.706        -90.828      2        opt
 3054     55.0   6052.67   6224.51       5650.049       -638.458         49.781         -68.47      2        opt
 3056     91.0   6052.67    5847.0       6186.027        988.813         57.977        155.665      2        opt
 3057    113.0   6052.67   5996.73       6298.063       1473.745        379.775        391.452      2        opt
 3100    196.0   4562.63   4730.72       4106.107       4576.493      -5052.964       2877.387      2        opt
 3101    279.0   4562.63   4767.86       5293.581       2481.229        424.245      -1378.137      2        low
 3132    149.0    4997.1   4811.99       4067.622       2695.806       -938.696        131.489      1        opt
 3133    194.0    4997.1    4814.6       4135.692        3828.12      -1833.369        381.619      1        opt
 3134    181.0    4997.1   4913.98       5105.437      -1957.172        526.801        301.558      2        opt
 3135    148.0    4997.1   4946.04       4102.849       2564.975       -859.529        113.444      1        opt
 3136    135.0    4997.1   4952.29       4032.815       2202.584       -635.827         72.024      1        opt
 3137    184.0    4997.1   4995.66        4131.16       3613.035      -1658.262        325.427      1        opt
 3138    275.0    4997.1   5081.11       4598.796       1990.456        286.087       -247.703      2        low
 3139    139.0    4997.1   5094.41       4097.869       2227.574       -656.198         74.761      0        opt
 3140    160.0    4997.1   5010.94        5231.79       2032.071        560.531        -272.79      2        opt
 3141    243.0    4997.1   4810.54       5066.021      -1576.895        284.287         248.45      2        low
 3142    205.0   5016.17   4884.61        6651.96      -1949.209         65.435        259.491      2        low
 3162    217.0    5219.7   5413.67       3840.893       3165.488      -1177.291        166.148      0        low
 3171    167.0    5219.7   5220.09       4175.247       3432.438        -1620.2        312.553      0        opt
 3176    117.0   6064.63   5996.73       5179.355      -1373.965        585.495       -179.908      2        opt
 3177    162.0   6064.63   6086.29       4758.445       1179.882        382.458         29.892      2        opt
 3178    146.0   6064.63   6111.08       4878.038       1256.573        439.959         51.913      2        opt
 3179    109.0   6064.63   6119.76       5578.309        1719.05        850.258        300.918      2        opt
 3180    118.0   6064.63   6130.14       5134.716       1331.691        551.026        162.908      2        opt
 3182    216.0   6064.63   6176.82       4522.783       1223.829        135.044         80.987      2        low
 3183    137.0   6064.63   6186.72       4946.157       1272.413        467.121         82.391      2        opt
 3184    121.0   6064.63   6204.61       5122.802       1360.344        583.789        175.949      2        opt
 3185    131.0   6064.63   6223.99       5001.731       1292.111        496.498        110.704      2        opt
 3186    119.0   6064.63    6230.1       5163.817       1381.035        608.984        195.184      2        opt
 3187    123.0   6126.22   5996.73       5837.788       -2483.79       1343.646       -321.989      2        opt
 3188    161.0   6126.22   6086.29        5132.21      -1716.879        748.807        -80.345      2        opt
 3189    137.0   6126.22   6111.08       5317.031      -1939.061        968.358       -186.734      2        opt
 3198    124.0   6126.22   6322.17       5961.282       2713.114       1600.578        428.438      2        opt
 3201    204.0   6599.12   6661.08       3890.928       2269.485        -751.22         95.894      0        low
 3205    145.0   5670.85   5628.35        6035.28        -2821.1       1548.914        -376.01      2        opt
 3209    173.0   5670.85   5694.99       5009.373       1724.906        708.809         -9.683      2        opt
 3211    137.0   5703.59   5625.32       5474.257      -2414.588       1173.486       -102.664      2        opt
 3214    185.0   5703.59   5643.08       6824.123      -4256.564        2659.04       -678.217      2        opt
 3225    158.0   5737.07   5625.32       4863.816      -1390.009        504.796        -15.991      2        opt
 3236    123.0   6039.73   6130.14       5325.093       1658.709        736.335        176.385      2        opt
 3237    189.0   6039.73   6175.37       4781.052       1385.977        451.064         16.534      2        opt
 3238    228.0   6039.73   6176.82       4602.838       1394.746        261.314         43.023      2        low
 3239    139.0   6039.73   6186.72       5095.548        1531.61        628.805         98.758      2        opt
 3240    126.0   6039.73   6204.61       5315.004       1705.851        801.261        203.773      2        opt
 3242    124.0   6039.73    6230.1       5366.638       1744.895        834.602        222.581      2        opt
 3255    145.0   6090.21   6086.29       5400.256       -2234.27       1055.354        -91.226      2        opt
 3256    125.0   6090.21   6111.08       4023.316       2150.628       -552.155         65.427      0        opt
 3258    146.0   6090.21   6130.14       4125.101        3085.58      -1074.239        181.206      0        opt
 3262    147.0   6090.21   6204.61       4098.141         3104.5      -1017.513        173.686      0        opt
 3265    122.0   6111.65   5996.73       5345.187      -1651.752        729.687       -184.382      2        opt
 3267    148.0   6111.65   6111.08       4990.297      -1455.304        545.645        -45.382      2        opt
 3268    120.0   6111.65   6119.76       5835.911       2128.203       1062.578        323.862      2        opt
 3270    188.0   6111.65   6175.37       4762.069       1350.848        418.651         18.635      2        opt
 3272    139.0   6111.65   6186.72       5068.199       1480.721        585.619         88.314      2        opt
 3278    147.0   6135.36   6111.08       4917.551      -1353.474        481.438        -44.656      2        opt
 3279    114.0   6135.36   6119.76       5682.664      -1890.445        929.678       -311.275      2        opt
 3280    120.0   6135.36   6130.14        5194.94      -1446.431        602.802       -164.795      2        opt
 3281    185.0   6135.36   6175.37       4703.862       1265.777        349.703         51.014      2        opt
 3283    137.0   6135.36   6186.72       4990.812       1371.263        512.734         81.396      2        opt
 3284    123.0   6135.36   6204.61       5182.945       1479.745        645.277        183.479      2        opt
 3286    121.0   6135.36    6230.1        5227.91       1506.022        672.487        202.316      2        opt
 3287    118.0   6135.36   6322.17       5306.736       1553.586        721.005         233.44      2        opt
 3307    176.0   6224.51   6176.82       4482.855      -1144.529         43.903        -27.025      2        opt
 3318    138.0   6251.83   6119.76       6013.045      -1939.726         559.13         -77.67      2        opt
 3319    131.0   6251.83   6130.14       5484.592      -1618.151        412.834         20.775      2        opt
 3320    166.0   6251.83   6175.37       4931.199      -1461.114         357.26        144.853      2        opt
 3321    197.0   6251.83   6176.82       4740.995      -1457.977        318.817        181.138      2        opt
 3322    134.0   6251.83   6186.72       5256.984      -1547.181        391.675         65.837      2        opt
 3323    131.0   6251.83   6204.61        5480.11      -1665.588        444.534         20.474      2        opt
 3324    131.0   6251.83   6223.99       5325.679      -1577.892        404.571         51.109      2        opt
 3325    132.0   6251.83    6230.1       5529.922      -1684.169         456.48          6.441      2        opt
 3326    133.0   6251.83   6322.17       5615.552       1714.773        481.477         20.524      2        opt
 3327    132.0   6251.83   6360.81       5612.919       1705.194        478.421         22.104      2        opt
 3328    133.0   6251.83   6378.26       5235.618       1519.139        385.985        -61.196      2        opt
 3330    146.0   6274.66   6086.29       4839.805      -1216.585        281.248         97.839      2        opt
 3331    135.0   6274.66   6111.08       4960.442      -1248.123        287.409         65.619      2        opt
 3348    163.0   6285.17   6175.37       4788.807      -1275.452        290.554        109.739      2        opt
 3349    190.0   6285.17   6176.82       4617.572      -1292.508        223.144         108.58      2        opt
 3351    125.0   6285.17   6204.61       5254.743       -1371.26         349.23         -3.056      2        opt
 3352    128.0   6285.17   6223.99       5128.407      -1319.127        322.199         27.581      2        opt
 3354    124.0   6285.17   6322.17       5367.216       1399.891         373.29         37.805      2        opt
 3360    252.0   4600.75   4810.54       6125.027        4749.02        917.535       -6314.02      2        low
 3361    234.0   4626.18    4588.2       6073.699      -2863.464        311.097       1540.734      2        low
 3362    213.0   4626.18   4592.05       4682.443       2349.005       -576.409         45.085      1        low
 3363    249.0   4626.18   4810.54       6147.803       4807.503        897.009      -6508.153      2        low
 3364    296.0   4964.93   4810.54       5083.448      -1903.475        479.265        349.402      2        low
 3379    140.0   6330.13   6204.61       5957.354      -2702.721       1137.789        -98.568      2        opt
 3381    144.0   6330.13    6230.1       6040.235      -2772.334       1181.334       -122.129      2        opt
 3382    151.0   6330.13   6322.17        6183.72      -2893.882       1276.244       -175.638      2        opt
 3383    150.0   6330.13   6360.81       6175.436       2868.329        1258.99        173.372      2        opt
