 pair   stddev     line1     line2             C0             C1             C2             C3   flag   stdlevel
 2543    106.0   6154.23   6142.49       4057.461       3737.961      -4315.389       2466.704      1        opt
 2554    397.0   6160.75   6142.49       4303.071       2864.387       -2971.25       5106.923      1        m/h
 2555    276.0   6160.75   6145.02       4076.773       4989.726      -8923.884       7709.187      1        low
 2565    181.0   4730.04   4675.11       4764.143       2709.882       1718.407      -1332.586      2        opt
 2566    203.0   4730.04   4722.61       4380.048       1897.887        586.006       -146.636      2        low
 2589    168.0   6319.24   6251.83       5343.237       1692.171         275.83       -239.673      2        opt
 2590    135.0   6319.24   6274.66       5065.393       1410.214          287.3       -179.979      2        opt
 2591    142.0   6319.24   6285.17       5118.718       1469.156        288.401       -193.115      2        opt
 2607    148.0   6318.72   6251.83       5012.427       1613.646        398.844       -290.318      2        opt
 2608    127.0   6318.72   6274.66       4792.184       1322.169        385.706       -208.691      2        opt
 2609    131.0   6318.72   6285.17       4833.636        1381.71        392.961        -225.97      2        opt
 2618     92.0   5517.54    5520.5       5332.147      -1356.407        869.737       -442.726      2        opt
 2624    127.0   5517.54   5490.16       6239.541       2565.031       1436.885        434.829      2        opt
 2635    104.0    5621.6   5671.82       6155.715      -2446.855        1532.94       -532.204      2        opt
 2642    124.0    5621.6   5670.85       6325.705      -2275.438        1029.94       -311.323      2        opt
 2652    133.0   5645.61   5671.82       5141.535      -1328.422        694.368        -246.88      2        opt
 2658    131.0   5645.61   5670.85       5294.967      -1462.727        554.913       -105.044      2        opt
 2659    126.0   5645.61   5703.59       5606.326      -1894.687        808.646       -137.817      2        opt
 2675    169.0   5684.49   5670.85       4937.915       1310.989         462.25          2.413      2        opt
 2676    162.0   5684.49   5703.59       5157.075      -1560.161        613.958        -43.422      2        opt
 2677    156.0   5684.49   5727.05       5312.259      -1783.949        746.936        -60.621      2        opt
 2678    159.0   5684.49   5737.07        4762.88      -1088.906        342.381          9.402      2        opt
 2686    165.0   5690.43   5671.82       4932.346       1204.026        557.101        157.628      2        opt
 2693    150.0   5690.43   5670.85       5063.138       1347.692         483.22          42.93      2        opt
 2694    140.0   5690.43   5703.59       5306.758      -1659.176        671.955        -78.663      2        opt
 2695    135.0   5690.43   5727.05       5489.205      -1938.734        839.869       -100.799      2        opt
 2696    143.0   5690.43   5737.07       4871.092      -1105.612        345.758        -25.912      2        opt
 2700    152.0   5690.43   5748.36       5022.363      -2244.987        857.296        547.138      2        opt
 2703    136.0   5701.11   5671.82       5112.556       1306.317        670.829        233.213      2        opt
 2709    132.0   5701.11   5670.85       5262.207       1439.273        542.858         99.023      2        opt
 2710    126.0   5701.11   5703.59       5562.511      -1856.349        787.004       -129.642      2        opt
 2711    129.0   5701.11   5727.05       5796.325      -2216.829       1021.511       -173.234      2        opt
 2712    126.0   5701.11   5737.07       5036.916      -1131.726        365.616        -82.977      2        opt
 2716    148.0   5701.11   5748.36       5377.563      -2394.392        688.899        437.684      2        opt
 2724    120.0   5753.64   5739.48       4787.305        914.044        400.767        213.999      2        opt
 2727    128.0   5753.64   5703.59        5443.27       1573.009        574.838         64.342      2        opt
 2728    136.0   5753.64   5727.05        5633.27       1813.773        706.211         78.678      2        opt
 2729    116.0   5753.64   5737.07       4989.609       1015.191        305.627         61.883      2        opt
 2735    159.0   5753.64   5748.36       5251.241       1988.335        583.645       -271.581      2        opt
 2745    139.0   5772.15   5703.59       5298.364       1616.293        639.608         70.535      2        opt
 2746    135.0   5772.15   5727.05       5474.859       1878.494        790.854         87.476      2        opt
 2747    141.0   5772.15   5737.07       4871.323       1080.521         335.98         29.098      2        opt
 1182    108.0   5853.15   5797.87       4660.832      -1350.481        308.714        106.302      2        opt
 2772    268.0   5948.54   5965.84       4795.708      -1380.615        670.073         -71.26      2        low
 2773    265.0   5948.54   5978.55       4734.405       -1278.75        602.875        -87.773      2        low
 2797    102.0   6125.02   6064.63       5117.418        967.581        284.017        110.215      2        opt
 2798    112.0   6125.02   6091.18       5229.038       1355.551        878.911        416.009      2        opt
 2799    114.0   6125.02   6126.22        5508.17      -1427.737        538.728       -129.471      2        opt
 2803    114.0   6125.02   6081.45       5296.224       1183.563        382.914        114.231      2        opt
 2804    128.0   6125.02   6090.21       5790.318       1806.298        700.102         121.41      2        opt
 2805    110.0   6125.02   6111.65       5226.405       1099.768        338.822        111.586      2        opt
 2806    106.0   6125.02   6135.36        5161.02       -1029.08        302.937       -110.969      2        opt
 2815    150.0   6125.02   6128.98       5525.124      -1994.637        448.602        135.999      2        opt
 2816    106.0   6125.02   6177.25       5103.937      -1755.498         421.51        109.903      2        opt
 1586     81.0   6120.25   6125.02       4901.675        1090.14        120.542        -17.712      2        opt
 2819    144.0   6142.49   6156.02       4898.945      -1071.777        969.939       -649.754      2        opt
 2828    115.0   6142.49   6091.18        5200.27       1324.724        847.546        401.554      2        opt
 2829    114.0   6142.49   6126.22       5477.662       1408.528        527.518        123.285      2        opt
 2833    115.0   6142.49   6081.45       5270.636       1172.193        376.806        107.624      2        opt
 2834    127.0   6142.49   6090.21       5751.217       1777.204        685.098         115.16      2        opt
 2835    111.0   6142.49   6111.65       5202.601       1089.526        333.959        106.055      2        opt
 2836    107.0   6142.49   6135.36        5138.49       1020.848        299.158        104.918      2        opt
 2845    148.0   6142.49   6128.98       5481.657       1979.764        456.558       -148.235      2        opt
 2846    106.0   6142.49   6177.25       5065.596      -1738.252        436.309        118.867      2        opt
 1498    172.0   6082.72   6142.49        5786.82       2189.136        680.192        -19.632      2        opt
 1587     81.0   6120.25   6142.49       4877.149       1087.708        129.375        -24.402      2        opt
 1625    236.0   6151.62   6142.49       4191.471       2954.546       -983.008        132.171      1        low
 2849    161.0   6145.02   6156.02       4819.927       -981.306        841.095       -594.608      2        opt
 2858    125.0   6145.02   6091.18       5102.313       1240.436         760.28        357.133      2        opt
 2859    116.0   6145.02   6126.22       5374.403       1352.138        499.744        106.796      2        opt
 2863    118.0   6145.02   6081.45       5182.344       1140.052        362.019         88.982      2        opt
 2864    124.0   6145.02   6090.21       5621.339       1694.473        646.599          97.22      2        opt
 2865    115.0   6145.02   6111.65       5119.421       1063.848        321.983         87.414      2        opt
 2866    111.0   6145.02   6135.36       5059.854        997.896        289.932         88.233      2        opt
 2875    142.0   6145.02   6128.98       5330.462       1944.004        500.657       -197.227      2        opt
 2876    107.0   6145.02   6177.25       4924.444       -1696.26        506.275        165.819      2        opt
 1499    164.0   6082.72   6145.02       5625.473       2119.797        661.687        -71.724      2        opt
 1588     83.0   6120.25   6145.02       4787.737       1082.164        164.403         -46.65      2        opt
 1626    218.0   6151.62   6145.02        4159.99       2533.694       -713.772         79.906      1        low
 2879     88.0   6195.46   6156.02       5291.331       1555.238       1496.687        799.156      2        opt
 2887    118.0   6195.46   6126.22        5916.24       1623.546        577.477        151.087      2        opt
 2894     94.0   6195.46   6135.36        5464.34       1112.856        330.553        152.792      2        opt
 2895    152.0   6195.46   6216.35       6259.345      -1733.818        400.982        -17.188      2        opt
 2896     87.0   6195.46   6224.51       5299.635        -854.69        140.544        -94.346      2        opt
 2897    115.0   6195.46   6251.83       5681.801      -1179.838        250.941        -86.112      2        opt
 2903    177.0   6195.46   6128.98       6058.339        2009.69        376.675         65.444      2        opt
 2904    122.0   6195.46   6177.25       5607.609       1758.184        266.761         78.012      2        opt
 2916    138.0   6237.33   6258.11       4356.156       1423.269       -238.507         16.415      1        opt
 2917    139.0   6237.33    6261.1       4362.169       1344.166       -218.843         14.495      1        opt
 2923    127.0   6237.33   6216.35       5351.859       1388.219        402.254         -2.032      2        opt
 2924    113.0   6237.33   6224.51        4769.66        831.768        174.895        -10.692      2        opt
 2925    132.0   6237.33   6251.83       5013.231      -1066.902        253.058         15.593      2        opt
 2926    122.0   6237.33   6274.66       4870.371       -919.753        201.013         14.851      2        opt
 2927    125.0   6237.33   6285.17       4898.596       -948.071        211.792         14.434      2        opt
 1775    179.0   6240.65   6237.33       5485.999      -2412.278        777.142        322.208      2        opt
 2944    141.0   6243.82   6258.11        4427.09       1877.656       -403.447         37.271      1        opt
 2945    135.0   6243.82    6261.1       4424.645       1780.146       -374.715         33.588      1        opt
 2951    121.0   6243.82   6216.35       5580.622       1488.797        410.778         -0.976      2        opt
 2952    104.0   6243.82   6224.51       4911.313        830.158        154.361         24.023      2        opt
 2953    123.0   6243.82   6251.83       5186.327      -1093.482        245.106        -12.458      2        opt
 2954    114.0   6243.82   6274.66       5022.529       -924.128        186.007        -19.932      2        opt
 2955    116.0   6243.82   6285.17       5054.839       -956.518        198.247        -19.313      2        opt
 1776    195.0   6240.65   6243.82       4132.985       2160.941       -518.188         48.552      0        opt
 2972    139.0   6244.48   6258.11       4419.852       1825.278       -381.544         34.119      1        opt
 2973    134.0   6244.48    6261.1       4417.935       1730.088       -354.038         30.705      1        opt
 2979    121.0   6244.48   6216.35       5557.954       1479.247        409.456         -1.653      2        opt
 2980    105.0   6244.48   6224.51        4897.62        829.954        155.937         20.887      2        opt
 2981    124.0   6244.48   6251.83       5169.458      -1090.927        245.243         -9.406      2        opt
 2982    114.0   6244.48   6274.66       5007.788        -922.98          187.0        -16.855      2        opt
 2983    117.0   6244.48   6285.17       5039.433       -955.815        199.282        -15.604      2        opt
 2987    113.0   6244.48   6177.25       4774.465       1632.688          593.6       -204.074      2        opt
 2116    119.0   6710.32   6721.85        5130.82       1294.239        257.423        -15.019      2        opt
 2165    105.0   6739.52   6721.85       4993.714      -1218.843        227.804          1.838      2        opt
 2117    118.0   6710.32   6741.63       5759.733       1382.635        225.656        124.862      2        opt
 2166     99.0   6739.52   6741.63       5592.582       1280.288         183.76        138.393      2        opt
  187    168.0   4749.95   4743.82        3888.73        775.675        -108.35          6.487      0        opt
  217    108.0   4802.52   4743.82       4014.699       1472.891       -368.503         47.265      0        opt
  904     89.0   5577.03    5520.5       5237.569       1888.027       1445.177        621.943      2        opt
  979    135.0   5649.99   5671.82       4930.648       -1631.31        935.144       -166.708      2        opt
  995    110.0   5651.47   5671.82        3989.22       1892.136       -471.253         71.337      1        opt
 3095    266.0   4555.49    4588.2       5673.372       2173.355        306.652       -626.989      2        low
 3096    220.0   4555.49   4592.05       6047.565       2020.857        139.591       -411.231      2        low
 3102    178.0   4562.63    4588.2       4874.483       1099.637        163.906       -115.726      2        opt
 3103    153.0   4562.63   4592.05       5111.096       1019.217        117.176        -42.695      2        opt
 3104    164.0   4562.63   4594.63       4039.523       2541.399        -1084.9        185.328      0        opt
 3105    149.0   4562.63   4512.99       5353.376      -1672.039        367.665        135.861      2        opt
  126    181.0    4523.4   4562.63       4662.415      -1736.696          197.1        132.507      2        opt
  128    238.0   4531.62   4562.63       4134.603      -3514.723      -3309.633       -1650.96      2        low
  130    148.0   4537.67   4562.63       5298.531       -2243.12        592.209         456.96      2        opt
  133    146.0   4551.65   4562.63       4968.203      -1774.201        465.563        392.696      2        opt
  135    147.0   4556.93   4562.63       4979.196      -1969.483        561.901        437.568      2        opt
  137    194.0   4566.52   4562.63       4618.565        1942.32       -559.205        464.047      2        opt
  139    183.0   4574.22   4562.63       4689.951       1855.773       -172.384        250.114      2        opt
  142    145.0   4593.53   4562.63       4966.332       1766.686        463.107       -385.918      2        opt
  144    156.0   4596.41   4562.63       4838.991       1758.396        477.385       -363.386      2        opt
  155    311.0   4625.05   4562.63       3269.935       4877.514       -3804.18       1361.913      2        low
  159    182.0   4631.49   4562.63        5682.14       1873.679        314.207       -179.926      2        opt
 3112    241.0   4656.47    4588.2       5730.619      -2065.642         283.44         574.38      2        low
 3113    202.0   4656.47   4592.05       6084.596      -1929.283        116.865        410.849      2        low
  175    176.0   4661.54   4675.11       3784.476       2329.519       -494.818          44.38      1        opt
  176    154.0   4661.54   4722.61       4954.338      -2053.366        964.618        268.678      2        opt
 3136    135.0    4997.1   4952.29       4032.815       2202.584       -635.827         72.024      1        opt
 3140    160.0    4997.1   5010.94        5231.79       2032.071        560.531        -272.79      2        opt
  259    176.0   4952.65    4997.1       5026.988      -2161.788        617.462        515.423      2        opt
  276    176.0   4962.58    4997.1       5031.055      -2169.758         612.55        513.157      2        opt
  330    137.0   5054.65    4997.1       5345.982       2645.955        682.752       -767.533      2        opt
  522    186.0   5180.06   5113.44        3734.55        1454.18       -251.866         19.523      0        opt
  506    223.0   5159.06    5219.7       4737.728      -1961.052        391.568         284.02      2        low
  524    150.0   5180.06    5219.7       5138.748      -2024.847         539.92         412.31      2        opt
  538    188.0   5187.91    5219.7       4922.858      -2007.514        517.159        374.168      2        opt
 2231    223.0   5197.57    5219.7       5111.109       -1175.57        203.116         78.957      2        low
  582    137.0   5197.94    5219.7       5441.948      -2244.494        465.194        436.956      2        opt
  603    133.0   5223.19    5219.7       3793.723       2491.796       -753.336         91.144      0        opt
  653    191.0   5228.38    5219.7       4900.812       1975.925         519.38       -370.995      2        opt
 2236    226.0   5234.63    5219.7       5083.279       1180.761        208.328        -84.548      2        low
  677    197.0   5243.78    5219.7       4866.327       1956.568        513.159       -363.083      2        opt
 2242    172.0   5264.81    5219.7       5471.338       1094.911          184.3         -2.039      2        opt
  738    200.0   5288.53    5219.7       4904.161       2114.481        309.449       -174.608      2        opt
 3176    117.0   6064.63   5996.73       5179.355      -1373.965        585.495       -179.908      2        opt
 3177    162.0   6064.63   6086.29       4758.445       1179.882        382.458         29.892      2        opt
 3178    146.0   6064.63   6111.08       4878.038       1256.573        439.959         51.913      2        opt
 3179    109.0   6064.63   6119.76       5578.309        1719.05        850.258        300.918      2        opt
 3180    118.0   6064.63   6130.14       5134.716       1331.691        551.026        162.908      2        opt
 1389    242.0   6027.06   6064.63       4333.877      -1781.717       -844.432       -651.727      2        low
 1404    116.0   6034.04   6064.63       5702.217      -2289.412       1174.456       -291.147      2        opt
 1419    122.0   6035.34   6064.63       6031.877      -2703.139       1393.946       -342.862      2        opt
 1434    115.0   6054.08   6064.63       5681.086      -2223.683       1110.664       -270.059      2        opt
   84    229.0   6056.01   6064.63       4328.557       -1343.78         39.753       -123.807      2        low
 1459    236.0   6078.49   6064.63        4275.68       1356.468          3.726        130.679      2        low
 1481    170.0   6079.01   6064.63       4615.924       1246.024         426.24         23.108      2        opt
 1509    143.0   6089.57   6064.63       4760.129       1317.624        514.799         31.303      2        opt
 1529    109.0   6094.38   6064.63        5111.36       1540.841        644.062         91.473      2        opt
 1559    108.0   6098.25   6064.63       5225.894       1662.892        730.826        132.042      2        opt
 1609    201.0   6127.91   6064.63       4548.563       1337.946         98.668        280.126      2        low
 3188    161.0   6126.22   6086.29        5132.21      -1716.879        748.807        -80.345      2        opt
 3189    137.0   6126.22   6111.08       5317.031      -1939.061        968.358       -186.734      2        opt
 3191    120.0   6126.22   6130.14       5746.112       2351.116       1244.796        290.175      2        opt
 3192    188.0   6126.22   6175.37        5026.88       1679.454        705.229         60.993      2        opt
 3193    240.0   6126.22   6176.82       4823.197       1593.479        539.905         -8.033      2        low
 3194    127.0   6126.22   6186.72       5428.801       2057.124       1052.851        215.407      2        opt
 1460    262.0   6078.49   6126.22       4560.289      -1634.383        574.547        107.688      2        low
 1482    162.0   6079.01   6126.22       4993.054      -1871.647        814.384         85.651      2        opt
 1510    130.0   6089.57   6126.22       5233.819      -2121.934        920.822         45.352      2        opt
 1530    132.0   6094.38   6126.22       4031.914       2535.893       -821.448        116.475      1        opt
 1610    195.0   6127.91   6126.22       4898.348       1915.202         836.49         10.661      2        opt
 1637    249.0   6157.73   6126.22       4713.633       1849.102        405.456        156.286      2        low
 1677    175.0   6165.36   6126.22        4975.12       1995.307        941.977          4.914      2        opt
 3202    122.0   6599.12    6598.6       5141.971       -1325.47        499.919       -119.371      2        opt
 3203    117.0   6599.12   6635.13       5185.908       1311.448        491.628        126.872      2        opt
 2061    122.0   6627.55   6599.12       4974.332       1444.043          543.8         19.568      2        opt
 2072    117.0   6653.86   6599.12       5656.458       2242.529       1125.853        257.028      2        opt
 3358    235.0   4600.75    4588.2       6060.611      -2849.103         314.27       1512.461      2        low
 3359    214.0   4600.75   4592.05       4677.887       2329.886       -567.932         44.162      1        low
 3361    234.0   4626.18    4588.2       6073.699      -2863.464        311.097       1540.734      2        low
 3362    213.0   4626.18   4592.05       4682.443       2349.005       -576.409         45.085      1        low
  262    191.0   4952.65   4964.93       5044.887      -2940.558       1325.956       1184.446      2        opt
  678    415.0   5243.78   5247.57       5657.775      -5609.787      11895.752      -4777.058      1        m/h
  680    194.0   5243.78   5300.75       5555.525      -4484.704       1313.135       3796.514      2        opt
 3382    151.0   6330.13   6322.17        6183.72      -2893.882       1276.244       -175.638      2        opt
 3383    150.0   6330.13   6360.81       6175.436       2868.329        1258.99        173.372      2        opt
 3384    131.0   6330.13   6378.26       5550.676       2260.393         870.92         -9.125      2        opt
 1813    223.0   6290.98   6330.13       4719.181      -1917.814        772.131         370.17      2        low
 1857    146.0   6315.81   6330.13        5177.32      -2515.627       1003.821        465.179      2        opt
 1927    189.0   6380.75   6330.13       4927.019       2196.736        850.356       -370.286      2        opt
 3204    157.0   5670.85   5625.32       5116.172      -1798.835        772.954        -35.024      2        opt
 3205    145.0   5670.85   5628.35        6035.28        -2821.1       1548.914        -376.01      2        opt
 3206    133.0   5670.85   5641.88        5504.49       -2167.86       1045.288       -172.456      2        opt
 3207    144.0   5670.85   5643.08       5995.552      -2711.108        1436.53       -336.292      2        opt
 3208    198.0   5670.85    5682.2       4885.004       1660.156        639.487        -60.742      2        opt
 3209    173.0   5670.85   5694.99       5009.373       1724.906        708.809         -9.683      2        opt
  939    208.0   5618.64   5670.85       4742.204      -1876.498        721.633        108.791      2        low
  943    144.0    5619.6   5670.85       5077.525      -2115.061        925.115        179.132      2        opt
  954    212.0   5633.95   5670.85       4580.926      -1582.228        801.653         258.47      2        low
  963    147.0   5635.83   5670.85       5059.723      -2146.327        979.017        166.481      2        opt
  972    261.0   5641.44   5670.85       4511.578      -1942.434        102.585       -165.887      2        low
  985    139.0   5649.99   5670.85       5121.815      -1890.578        713.371        148.162      2        opt
  997    146.0   5651.47   5670.85       3961.347       2476.053       -782.997        110.932      1        opt
 1002    130.0   5652.32   5670.85       5352.303      -2467.505       1098.457        105.695      2        opt
 1007    149.0   5653.87   5670.85        5033.51      -2065.803        913.264        176.912      2        opt
 1013    133.0   5661.35   5670.85       3897.518       2132.195       -579.372         71.859      1        opt
 1025    216.0   5667.52   5670.85       4709.455      -1865.622        649.979         62.314      2        low
 1037    217.0   5679.03   5670.85       4638.772       1714.131        725.931       -208.223      2        low
 1043    191.0   5680.24   5670.85       3994.192       3704.107      -1220.217        179.858      0        opt
 1050    276.0   5715.09   5670.85       4425.784       2069.768       -192.914        281.049      2        low
 1067    232.0   5731.77   5670.85       4640.102       1830.918        517.583        -23.119      2        low
 1073    168.0   5738.24   5670.85       3964.766       3072.719      -1031.889        173.103      0        opt
 3213    140.0   5703.59   5641.88       4059.186       2740.463       -859.423        130.348      1        opt
 3214    185.0   5703.59   5643.08       6824.123      -4256.564        2659.04       -678.217      2        opt
 3215    182.0   5703.59    5682.2       5158.042      -2068.534        921.544         23.471      2        opt
 3216    153.0   5703.59   5694.99       5321.527      -2231.734       1057.833          -58.6      2        opt
  964    132.0   5635.83   5703.59       3762.679        2214.45       -525.166         55.008      1        opt
  973    255.0   5641.44   5703.59       4750.991      -2204.853        761.492        239.274      2        low
  986    149.0   5649.99   5703.59       4014.322       1828.201       -389.693          32.53      1        opt
  998    204.0   5651.47   5703.59       3981.525       3497.937      -1102.888        148.321      1        low
 1003    152.0   5652.32   5703.59       3844.792       2721.779       -694.632         79.205      1        opt
 1008    134.0   5653.87   5703.59       3796.553       2084.148       -478.722         47.009      1        opt
 1014    175.0   5661.35   5703.59       3896.206       3006.307       -769.536         81.025      1        opt
 1026    194.0   5667.52   5703.59       4991.206      -2392.409        1099.89        347.462      2        opt
 1080    133.0   5741.85   5703.59       3788.937       2372.046       -583.371         64.475      0        opt
 1092    191.0   5752.04   5703.59       4977.115       2236.661       1002.106       -365.152      2        opt
 3222    167.0   5727.05    5682.2       3920.664       1780.627       -377.722         34.418      1        opt
 3223    138.0   5727.05   5694.99       3943.683        2060.64        -480.76         51.223      1        opt
 1015    239.0   5661.35   5727.05       3975.886       3224.863         -53.95       -284.994      1        low
 1027    177.0   5667.52   5727.05       3597.234       2002.437       -424.858         38.408      1        opt
 1039    195.0   5679.03   5727.05       5084.672       -2541.81       1140.963        592.877      2        opt
 1052    274.0   5715.09   5727.05       3525.821       1485.243       -234.008         13.641      1        low
 1069    202.0   5731.77   5727.05       3599.683       1812.907       -354.633         28.076      0        low
 1081    162.0   5741.85   5727.05       3814.957       2741.354       -505.474          18.93      0        opt
 1093    179.0   5752.04   5727.05        5185.26       2671.914        1171.28        -576.06      2        opt
 1100    214.0   5775.08   5727.05       3572.787       1778.176       -341.145         26.166      0        low
 1114    151.0   5793.92   5727.05       3781.814       2658.389        -502.61         27.315      0        opt
 3229    193.0   5737.07    5682.2       4681.519      -1323.878        393.975         -8.634      2        opt
 3230    173.0   5737.07   5694.99       4780.455      -1350.063        463.275        -10.111      2        opt
 3231    163.0   5737.07   5805.22       4828.229       1349.112        478.242         13.507      2        opt
 1028    216.0   5667.52   5737.07       4511.158      -1563.883         39.412       -282.686      2        low
 1046    133.0   5680.24   5737.07       3999.899       2680.913      -1124.391        225.802      1        opt
 1076    123.0   5738.24   5737.07       5486.956       2261.899       1121.495        181.936      2        opt
 1082    145.0   5741.85   5737.07       4831.921       1595.063        689.981          7.006      2        opt
 1094    206.0   5752.04   5737.07       4512.067       1420.877        350.524         39.417      2        low
 1108    122.0   5778.46   5737.07       5082.514       1851.758        884.367         76.559      2        opt
 1115    152.0   5793.92   5737.07       4793.135        1570.47         663.05         19.133      2        opt
 1127    201.0   5806.73   5737.07       4524.703       1397.107        403.894          6.989      2        low
 3232    123.0   6039.73   5996.73         5383.6      -1725.428        784.454       -195.181      2        opt
 3233    167.0   6039.73   6086.29       4871.758       1394.998        500.514           6.74      2        opt
 1391    252.0   6027.06   6039.73       4410.755      -1954.174       -701.181       -634.962      2        low
 1421    156.0   6035.34   6039.73       3985.053        4663.29      -3026.891        976.061      1        opt
 1436    144.0   6054.08   6039.73       6116.539       2947.979       1425.239         256.47      2        opt
   88    241.0   6056.01   6039.73       4392.201        1508.79        217.963         47.065      2        low
 1485    172.0   6079.01   6039.73       4718.123       1500.177        594.909        -74.346      2        opt
 1513    142.0   6089.57   6039.73       4898.183       1613.878        666.986        -41.572      2        opt
 1533    119.0   6094.38   6039.73       5338.927       1948.395        780.386         22.737      2        opt
 1563    122.0   6098.25   6039.73       5492.223       2126.049        890.683          69.17      2        opt
 3244    168.0   6081.45   6086.29       4917.226       1456.809        533.795          3.642      2        opt
 3245    148.0   6081.45   6111.08       5068.365       1576.442        630.144          58.01      2        opt
 3246    127.0   6081.45   6119.76       6017.571       2431.695        1244.57        349.751      2        opt
 3247    125.0   6081.45   6130.14       5395.673       1769.023        794.803        176.552      2        opt
 1407    156.0   6034.04   6081.45       4008.439       3757.747      -1922.025        480.055      1        opt
 1422    168.0   6035.34   6081.45        3980.46        5009.73      -3240.523       1061.203      1        opt
 1437    154.0   6054.08   6081.45       4016.404       3697.308      -1894.812        462.425      1        opt
 1464    252.0   6078.49   6081.45       4371.629      -1543.729         264.13         -5.165      2        low
 1486    172.0   6079.01   6081.45       4763.913      -1575.327          635.3         100.79      2        opt
 1514    142.0   6089.57   6081.45       4955.006       1705.461        704.415        -61.498      2        opt
 1534    123.0   6094.38   6081.45       5424.195       2075.341          813.0          2.165      2        opt
 1564    128.0   6098.25   6081.45       5591.118       2270.755        931.743         50.729      2        opt
 1612    203.0   6127.91   6081.45       4681.005       1638.311        459.902         88.847      2        low
 3255    145.0   6090.21   6086.29       5400.256       -2234.27       1055.354        -91.226      2        opt
 3256    125.0   6090.21   6111.08       4023.316       2150.628       -552.155         65.427      0        opt
 3258    146.0   6090.21   6130.14       4125.101        3085.58      -1074.239        181.206      0        opt
 1393    253.0   6027.06   6090.21       3597.171       1437.468       -237.161         14.844      1        low
   90    248.0   6056.01   6090.21       4774.393      -2054.693        923.014        376.057      2        low
 1465    263.0   6078.49   6090.21       4706.041      -2001.484        903.589        370.067      2        low
 1487    148.0   6079.01   6090.21       5274.134      -2488.136       1026.681        311.704      2        opt
 1515    130.0   6089.57   6090.21       3874.043       2233.204       -545.415         56.528      1        opt
 1613    170.0   6127.91   6090.21       3700.286       1778.925       -363.212         31.623      0        opt
 1640    237.0   6157.73   6090.21       3615.446       1497.288        -259.17         17.378      0        low
 3266    166.0   6111.65   6086.29       4850.686      -1357.407        471.504         -4.868      2        opt
 3267    148.0   6111.65   6111.08       4990.297      -1455.304        545.645        -45.382      2        opt
 3268    120.0   6111.65   6119.76       5835.911       2128.203       1062.578        323.862      2        opt
 3269    123.0   6111.65   6130.14       5289.442       1591.307        685.706        165.997      2        opt
 3270    188.0   6111.65   6175.37       4762.069       1350.848        418.651         18.635      2        opt
 3271    226.0   6111.65   6176.82        4586.65       1372.425        227.893         44.039      2        low
 1439    138.0   6054.08   6111.65       6027.821      -2778.187       1310.712       -232.986      2        opt
   91    238.0   6056.01   6111.65        4377.08      -1492.756        167.289        -63.127      2        low
 1466    247.0   6078.49   6111.65       4319.779       -1505.63        131.372        -64.259      2        low
 1488    172.0   6079.01   6111.65       4697.988      -1457.169        558.571         63.495      2        opt
 1516    143.0   6089.57   6111.65       4872.066      -1559.853        630.669         36.192      2        opt
 1536    117.0   6094.38   6111.65       5295.839       -1868.43        737.831        -23.206      2        opt
 1566    119.0   6098.25   6111.65        5441.17      -2030.397        839.711        -69.012      2        opt
 1614    203.0   6127.91   6111.65       4620.017       1536.461        299.067        171.857      2        low
 1641    242.0   6157.73   6111.65        4446.14       1818.727        -544.04        569.696      2        low
 1663    128.0   6159.38   6111.65       5730.369       2269.251        952.368        131.367      2        opt
 1681    188.0   6165.36   6111.65       4677.418       1535.627        454.409        102.571      2        opt
 3277    164.0   6135.36   6086.29       4787.771      -1268.436         418.84        -18.429      2        opt
 3278    147.0   6135.36   6111.08       4917.551      -1353.474        481.438        -44.656      2        opt
 3279    114.0   6135.36   6119.76       5682.664      -1890.445        929.678       -311.275      2        opt
 3280    120.0   6135.36   6130.14        5194.94      -1446.431        602.802       -164.795      2        opt
 3281    185.0   6135.36   6175.37       4703.862       1265.777        349.703         51.014      2        opt
 3282    220.0   6135.36   6176.82       4535.181       1319.014        118.155        105.562      2        low
 3283    137.0   6135.36   6186.72       4990.812       1371.263        512.734         81.396      2        opt
 3284    123.0   6135.36   6204.61       5182.945       1479.745        645.277        183.479      2        opt
 1467    242.0   6078.49   6135.36       4266.481      -1499.719        -57.306       -161.737      2        low
 1489    172.0   6079.01   6135.36       4636.407      -1354.333        480.158           14.2      2        opt
 1517    143.0   6089.57   6135.36       4795.972      -1436.923        567.166          5.858      2        opt
 1537    113.0   6094.38   6135.36       5182.583      -1692.721        680.916        -51.711      2        opt
 1567    113.0   6098.25   6135.36       5310.632      -1831.661        769.416        -91.338      2        opt
 1615    202.0   6127.91   6135.36       4562.488      -1463.293        105.992       -288.552      2        low
 1642    238.0   6157.73   6135.36       4381.439       1855.339       -844.348        714.177      2        low
 1664    118.0   6159.38   6135.36       5570.929       2040.117        871.635        149.596      2        opt
 1682    189.0   6165.36   6135.36       4616.694       1435.575        299.317        198.646      2        opt
 3292    145.0   6216.35   6175.37       5370.345      -1980.828          603.9        125.299      2        opt
 3293    195.0   6216.35   6176.82       5115.967      -1872.107        541.502        205.878      2        opt
 3294    127.0   6216.35   6186.72       5887.682      -2348.464        760.496         22.816      2        opt
 3295    152.0   6216.35   6204.61         4209.1       3192.195      -1300.312        216.049      1        opt
 3296    133.0   6216.35   6223.99       6001.128       2437.464        824.367         11.643      2        opt
 3297    157.0   6216.35    6230.1        4227.36       3367.936      -1450.191        256.394      0        opt
 2286    158.0   6149.25   6216.35       5721.938      -1107.609        210.519        -29.908      2        opt
 1683    133.0   6165.36   6216.35       5403.961      -2487.517        675.247        514.284      2        opt
 1751    143.0   6226.74   6216.35       3848.091       2993.948       -982.592        133.581      0        opt
 2295    173.0   6238.39   6216.35       5609.559       1100.536        213.699          20.99      2        opt
 2304    130.0   6239.94   6216.35       6266.534       1170.065        176.203         54.561      2        opt
 2313    188.0   6247.56   6216.35       5515.569       1103.156        212.834         10.181      2        opt
 3306    153.0   6224.51   6175.37       4634.927      -1089.045        205.376          41.39      2        opt
 3307    176.0   6224.51   6176.82       4482.855      -1144.529         43.903        -27.025      2        opt
 3308    123.0   6224.51   6186.72       4883.275      -1101.751        240.605         29.713      2        opt
 3309    115.0   6224.51   6204.61       5036.476      -1121.486        259.584         -21.42      2        opt
 3310    119.0   6224.51   6223.99       4932.563      -1103.661        243.806         13.217      2        opt
 3311    113.0   6224.51    6230.1       5071.139       1124.705        264.296         33.419      2        opt
 1644    192.0   6157.73   6224.51       4340.113      -1585.357       -690.222       -438.973      2        opt
 1666    110.0   6159.38   6224.51       5278.775       -1364.73        326.028          -2.84      2        opt
 1684    159.0   6165.36   6224.51       4550.261      -1221.382        128.099        -42.612      2        opt
 1709    172.0   6187.99   6224.51       4497.439       -1321.02       -186.094       -244.873      2        opt
 1742    114.0   6220.79   6224.51       4956.674      -1366.803         392.96         42.177      2        opt
 1752    132.0   6226.74   6224.51       4737.182       1270.409        317.721        -41.547      2        opt
 2296    120.0   6238.39   6224.51       5073.744        670.057        102.758         81.781      2        opt
 2305     97.0   6239.94   6224.51       5523.605        694.503        120.864         96.035      2        opt
 2314    129.0   6247.56   6224.51       5002.181        678.076        100.025         70.635      2        opt
 1809    179.0   6290.98   6224.51       4358.347       1200.257         61.893         22.144      2        opt
 3322    134.0   6251.83   6186.72       5256.984      -1547.181        391.675         65.837      2        opt
 3323    131.0   6251.83   6204.61        5480.11      -1665.588        444.534         20.474      2        opt
 3324    131.0   6251.83   6223.99       5325.679      -1577.892        404.571         51.109      2        opt
 3325    132.0   6251.83    6230.1       5529.922      -1684.169         456.48          6.441      2        opt
 1710    177.0   6187.99   6251.83       4797.365      -1699.183        375.154        168.424      2        opt
 1743    135.0   6220.79   6251.83       5526.654      -2200.964        585.175        217.224      2        opt
 1753    132.0   6226.74   6251.83       5165.226      -1935.644        534.524        276.059      2        opt
 2297    146.0   6238.39   6251.83       5317.704       -841.512        143.004        -64.989      2        opt
 2306    111.0   6239.94   6251.83       5844.712       -877.531        153.664        -93.415      2        opt
 2315    157.0   6247.56   6251.83       5236.862       -853.566        140.333        -49.972      2        opt
 1810    196.0   6290.98   6251.83        4606.98       1505.625        430.652       -233.807      2        opt
 1839    179.0   6303.46   6251.83       4029.989       5931.473      -5113.543       1779.165      0        opt
 1854    151.0   6315.81   6251.83       4934.229       1717.428        476.089       -241.235      2        opt
 3338    126.0   6274.66   6223.99       5082.747      -1260.705        300.022         24.172      2        opt
 3339    122.0   6274.66    6230.1       5242.403       -1312.83        330.845        -18.907      2        opt
 3340    121.0   6274.66   6322.17       5310.348       1327.457         344.67         40.445      2        opt
 1744    121.0   6220.79   6274.66       5161.259      -1651.431        467.673        108.175      2        opt
 1754    134.0   6226.74   6274.66       4898.947      -1494.361        409.809         133.58      2        opt
 2298    130.0   6238.39   6274.66       5174.935        -733.24        117.351        -76.437      2        opt
 2307    102.0   6239.94   6274.66       5651.909       -761.329        135.181        -96.989      2        opt
 2316    140.0   6247.56   6274.66       5099.892       -743.484        114.801        -63.503      2        opt
 1811    187.0   6290.98   6274.66       4461.035       1292.022         258.58       -108.355      2        opt
 1840    138.0   6303.46   6274.66       6035.076       2028.325        438.729        -23.651      2        opt
 1855    154.0   6315.81   6274.66       4727.894       1386.795        328.117       -101.954      2        opt
 3352    128.0   6285.17   6223.99       5128.407      -1319.127        322.199         27.581      2        opt
 3353    125.0   6285.17    6230.1       5296.063       -1382.89        356.724        -14.317      2        opt
 3354    124.0   6285.17   6322.17       5367.216       1399.891         373.29         37.805      2        opt
 1745    124.0   6220.79   6285.17        5227.33      -1753.981        497.404         126.28      2        opt
 1755    134.0   6226.74   6285.17        4947.44      -1572.086        441.971        154.462      2        opt
 2299    134.0   6238.39   6285.17       5203.866       -754.606        123.138         -75.05      2        opt
 2308    104.0   6239.94   6285.17       5691.209       -785.011         138.98        -96.453      2        opt
 2317    144.0   6247.56   6285.17       5127.607       -764.933        120.295        -61.602      2        opt
 1812    190.0   6290.98   6285.17       4488.778       1331.685        302.423        -138.06      2        opt
 1841    145.0   6303.46   6285.17       6154.098       2161.642        456.748         -41.95      2        opt
 1856    155.0   6315.81   6285.17       4766.236       1448.757        364.068       -130.161      2        opt
 1595    141.0   6120.25   6086.29       4319.407      -1561.232         34.618        -34.165      2        opt
 1596    117.0   6120.25   6111.08       4470.876      -1559.163        229.152        121.501      2        opt
 1597     87.0   6120.25   6119.76       5300.457      -1565.552          99.71         77.438      2        opt
 1598     86.0   6120.25   6130.14       4830.307       1531.439        251.978       -212.396      2        opt
 1599    167.0   6120.25   6175.37       4143.616       2021.643       -857.371        524.031      2        opt
 1601    105.0   6120.25   6186.72       4568.577        1541.23        296.229       -188.729      2        opt
 2054    136.0   6625.02    6598.6       5379.467      -1946.341        274.455        343.056      2        opt
 2055    137.0   6625.02   6635.13       5436.485       1882.168        248.058       -284.388      2        opt
  628    225.0   5225.53   5197.57       5623.099       -1958.89        159.381        366.265      2        low
   41    223.0   5247.06   5197.57       5524.156      -1842.398        180.702        310.903      2        low
  705    225.0   5250.21   5197.57       5555.374      -1878.851        174.647        326.978      2        low
  629    227.0   5225.53   5234.63        5581.52       1975.425         177.04       -377.438      2        low
  630    183.0   5225.53   5264.81       6139.475       1769.082         47.986       -258.221      2        opt
   42    225.0   5247.06   5234.63       5484.285      -1857.388        197.018        322.128      2        low
  706    227.0   5250.21   5234.63       5515.037      -1894.798         191.63        338.354      2        low
   43    182.0   5247.06   5264.81        6018.91       1653.982         77.659        -192.32      2        opt
  707    183.0   5250.21   5264.81       6056.617       1690.811         70.989       -210.729      2        opt
 1152    181.0   5852.22   5853.15       4046.898      -2477.576       -384.917       -232.457      2        opt
   62    108.0   5855.08   5853.15       4700.703       2180.753         834.82       -956.064      2        opt
 1167    115.0   5853.15   5902.48       5136.525       2344.268        395.636       -882.858      2        opt
 1430    109.0   6054.08   6120.25       5302.163      -2058.582         45.113        667.716      2        opt
 1524     93.0   6094.38   6120.25       4722.833      -1797.713        538.469        627.183      2        opt
 1554     93.0   6098.25   6120.25       4855.371      -1881.824        426.575        647.829      2        opt
 1576    102.0   6120.25   6159.38       5118.426       1903.677        189.356       -542.812      2        opt
 1890    425.0   6358.68   6380.75        3715.27       3464.436       1279.437      -1153.895      0        m/h
 1897    182.0   6358.68   6416.93       6461.956       1885.437        -15.944        -343.71      2        opt
 2028    147.0   6625.02   6627.55       5156.028       2328.245        424.528       -912.696      2        opt
 2029    225.0   6625.02   6653.86       3752.438       4152.489      -2128.253        423.108      0        low
 2075    173.0   6699.15   6739.52       3671.014       4353.984      -2405.154        516.561      1        opt
 2088    182.0   6705.11   6710.32       4503.399      -2378.303        433.001        433.883      2        opt
 2089    190.0   6705.11   6739.52       4251.214      -2514.639       -353.403       -207.067      2        opt
 2096    144.0   6710.32   6713.05       5248.368       2581.521        497.144      -1056.427      2        opt
 2097    154.0   6710.32   6713.74       5416.056       2485.842        334.087       -853.038      2        opt
 2099    219.0   6710.32   6732.07       3713.092       5517.752      -3620.701        934.991      0        low
  114    140.0   6733.15   6710.32       5151.154       2528.214        576.779       -1039.63      2        opt
 2119    119.0   6713.05   6739.52       4965.477      -2400.215        680.407         987.49      2        opt
 2129    124.0   6713.74   6739.52       5139.923      -2336.616        486.042        823.768      2        opt
 2145    174.0   6732.07   6739.52       3661.023       4603.646      -2673.558        605.441      1        opt
  115    121.0   6733.15   6739.52       4874.266      -2336.814        747.255         945.69      2        opt
 2151    171.0   6739.52   6745.11        3673.48       4157.864      -2199.918         452.65      0        opt
 2153    151.0   6739.52   6793.26       3684.948       2920.425      -1105.354        160.347      0        opt
